/*--------------------------------*- C++ -*----------------------------------*\
| =========                 |                                                 |
| \\      /  F ield         | OpenFOAM: The Open Source CFD Toolbox           |
|  \\    /   O peration     | Version:  5.x                                   |
|   \\  /    A nd           | Web:      www.OpenFOAM.org                      |
|    \\/     M anipulation  |                                                 |
\*---------------------------------------------------------------------------*/
FoamFile
{
    version     2.0;
    format      ascii;
    class       volScalarField;
    location    "3.8";
    object      T;
}
// * * * * * * * * * * * * * * * * * * * * * * * * * * * * * * * * * * * * * //

dimensions      [0 0 0 1 0 0 0];

internalField   nonuniform List<scalar> 
2048
(
9.85154
9.8522
9.85352
9.85548
9.85805
9.8612
9.86488
9.86904
9.87359
9.87847
9.88358
9.88885
9.89419
9.89952
9.90478
9.9099
9.91484
9.91956
9.92402
9.92822
9.93213
9.93577
9.93913
9.94222
9.94505
9.94764
9.95001
9.95217
9.95413
9.95592
9.95755
9.95903
9.96038
9.96161
9.96272
9.96374
9.96466
9.96549
9.96625
9.96693
9.96755
9.96811
9.96861
9.96906
9.96947
9.96984
9.97016
9.97046
9.97072
9.97096
9.97117
9.97136
9.97153
9.97168
9.97181
9.97193
9.97203
9.97212
9.9722
9.97226
9.97231
9.97235
9.97238
9.97239
9.56055
9.56252
9.56643
9.57225
9.57989
9.58924
9.60017
9.61251
9.62603
9.64051
9.6557
9.67135
9.6872
9.70303
9.71862
9.73381
9.74844
9.7624
9.77561
9.78802
9.7996
9.81034
9.82026
9.82939
9.83775
9.84541
9.85239
9.85876
9.86456
9.86983
9.87464
9.87901
9.88299
9.8866
9.88989
9.89288
9.89559
9.89806
9.90029
9.90231
9.90413
9.90577
9.90725
9.90859
9.90979
9.91086
9.91183
9.91269
9.91347
9.91416
9.91479
9.91534
9.91584
9.91629
9.91668
9.91703
9.91734
9.9176
9.91783
9.91801
9.91816
9.91827
9.91835
9.91838
9.28081
9.28404
9.29047
9.30002
9.31259
9.32798
9.34598
9.3663
9.38858
9.41244
9.43745
9.46321
9.48928
9.5153
9.54091
9.56583
9.58982
9.61269
9.6343
9.65459
9.6735
9.69103
9.7072
9.72207
9.7357
9.74815
9.75951
9.76987
9.77929
9.78787
9.79568
9.80279
9.80925
9.81513
9.82047
9.82533
9.82975
9.83375
9.83738
9.84066
9.84362
9.84629
9.8487
9.85086
9.85281
9.85455
9.85612
9.85752
9.85878
9.85991
9.86092
9.86183
9.86264
9.86336
9.864
9.86457
9.86507
9.8655
9.86587
9.86617
9.86641
9.86659
9.86672
9.86678
9.01107
9.01553
9.02442
9.03763
9.05502
9.07635
9.10131
9.1295
9.16042
9.19353
9.22824
9.26395
9.30007
9.33607
9.37147
9.40586
9.43892
9.47039
9.5001
9.52794
9.55387
9.57787
9.6
9.62031
9.63892
9.65591
9.6714
9.68551
9.69835
9.71004
9.72067
9.73035
9.73915
9.74716
9.75444
9.76106
9.76707
9.77252
9.77746
9.78193
9.78597
9.7896
9.79288
9.79582
9.79847
9.80084
9.80297
9.80488
9.80659
9.80812
9.8095
9.81073
9.81183
9.81282
9.81369
9.81446
9.81514
9.81573
9.81623
9.81665
9.81698
9.81723
9.81739
9.81748
8.7503
8.75597
8.76726
8.78407
8.80622
8.83343
8.86531
8.90133
8.94087
8.9832
9.02756
9.07314
9.11921
9.16506
9.21007
9.25373
9.29562
9.33544
9.37296
9.40806
9.44069
9.47086
9.49863
9.5241
9.5474
9.56866
9.58803
9.60566
9.6217
9.63629
9.64956
9.66164
9.67263
9.68263
9.69172
9.69999
9.7075
9.71431
9.72048
9.72606
9.73109
9.73563
9.73972
9.74339
9.74669
9.74964
9.7523
9.75467
9.7568
9.75871
9.76043
9.76196
9.76333
9.76456
9.76565
9.76662
9.76747
9.7682
9.76883
9.76935
9.76977
9.77008
9.77029
9.77039
8.49766
8.50451
8.51817
8.53852
8.56539
8.59844
8.63722
8.6811
8.7293
8.7809
8.83493
8.89042
8.9464
9.00201
9.05652
9.10928
9.1598
9.20772
9.25279
9.29486
9.33389
9.36992
9.40304
9.43336
9.46107
9.48632
9.50931
9.53022
9.54924
9.56653
9.58226
9.59657
9.6096
9.62145
9.63223
9.64204
9.65095
9.65902
9.66634
9.67295
9.67892
9.6843
9.68914
9.69348
9.69738
9.70087
9.70401
9.70682
9.70933
9.71159
9.71361
9.71543
9.71705
9.7185
9.7198
9.72095
9.72196
9.72283
9.72358
9.7242
9.7247
9.72507
9.72532
9.72544
8.25245
8.26045
8.27643
8.30028
8.33181
8.37071
8.41643
8.46823
8.52518
8.58616
8.64998
8.71542
8.78134
8.8467
8.91061
8.97233
9.03131
9.08711
9.13946
9.18822
9.23337
9.27495
9.3131
9.34799
9.37982
9.4088
9.43515
9.4591
9.48087
9.50066
9.51866
9.53504
9.54995
9.56353
9.57588
9.58711
9.59732
9.60657
9.61495
9.62253
9.62936
9.63551
9.64104
9.646
9.65045
9.65444
9.65802
9.66122
9.66409
9.66666
9.66897
9.67104
9.6729
9.67456
9.67604
9.67736
9.67852
9.67953
9.68039
9.68111
9.68168
9.68211
9.6824
9.68254
8.0141
8.02322
8.04145
8.06873
8.1049
8.14963
8.20234
8.26219
8.32805
8.39858
8.47233
8.54785
8.62377
8.69888
8.77214
8.84272
8.90998
8.97344
9.03283
9.08801
9.13897
9.18581
9.22869
9.26785
9.30351
9.33594
9.3654
9.39216
9.41646
9.43855
9.45864
9.47693
9.49358
9.50874
9.52255
9.5351
9.54651
9.55685
9.56621
9.57468
9.5823
9.58917
9.59533
9.60086
9.60582
9.61026
9.61423
9.61779
9.62099
9.62385
9.62641
9.62872
9.63079
9.63264
9.6343
9.63577
9.63707
9.6382
9.63917
9.63998
9.64062
9.64111
9.64143
9.6416
7.78214
7.79234
7.81275
7.84339
7.88413
7.93469
7.99447
8.06251
8.13748
8.21778
8.30168
8.38744
8.47347
8.55835
8.64093
8.72026
8.79563
8.86656
8.93274
8.99405
9.05053
9.10232
9.14964
9.19276
9.23198
9.2676
9.29992
9.32924
9.35586
9.38005
9.40206
9.42209
9.44034
9.45697
9.47211
9.48589
9.4984
9.50975
9.52002
9.5293
9.53766
9.54518
9.55192
9.55797
9.56338
9.56822
9.57256
9.57645
9.57993
9.58305
9.58585
9.58837
9.59063
9.59265
9.59447
9.59609
9.59752
9.59877
9.59984
9.60073
9.60145
9.60199
9.60235
9.60253
7.5562
7.56742
7.58993
7.62381
7.66905
7.72544
7.79236
7.86876
7.95309
8.04344
8.13774
8.23394
8.3302
8.42491
8.51677
8.60475
8.6881
8.76628
8.839
8.90617
8.96787
9.0243
9.07575
9.12255
9.16504
9.20358
9.23852
9.27018
9.29891
9.32501
9.34875
9.37038
9.3901
9.40807
9.42445
9.43935
9.45288
9.46516
9.47627
9.4863
9.49533
9.50344
9.51071
9.51722
9.52304
9.52825
9.53291
9.53708
9.54082
9.54418
9.54719
9.5499
9.55233
9.55452
9.55648
9.55824
9.55979
9.56115
9.56232
9.56329
9.56408
9.56467
9.56506
9.56526
7.336
7.34817
7.37265
7.40964
7.45927
7.52143
7.59559
7.68056
7.77455
7.87527
7.98027
8.08715
8.19378
8.29836
8.39948
8.49602
8.58718
8.67241
8.75143
8.82416
8.89077
8.95154
9.00682
9.05701
9.10251
9.14372
9.18102
9.21481
9.24544
9.27326
9.29858
9.32166
9.34272
9.36192
9.37943
9.39536
9.40984
9.42297
9.43484
9.44556
9.4552
9.46385
9.47159
9.47852
9.48471
9.49024
9.49519
9.49962
9.50359
9.50715
9.51035
9.51323
9.51582
9.51815
9.52025
9.52213
9.5238
9.52526
9.52652
9.52758
9.52843
9.52907
9.5295
9.52971
7.12131
7.13435
7.16065
7.20056
7.25442
7.3223
7.40376
7.49754
7.60153
7.71302
7.82906
7.94687
8.06402
8.17854
8.28888
8.39388
8.49269
8.58477
8.66981
8.74783
8.81904
8.88383
8.94264
8.99594
9.04418
9.0878
9.12724
9.16293
9.19526
9.22463
9.25137
9.27577
9.29804
9.31838
9.33692
9.35381
9.36915
9.38306
9.39563
9.40698
9.41717
9.42631
9.43448
9.44178
9.44829
9.45411
9.45931
9.46396
9.46813
9.47188
9.47524
9.47827
9.481
9.48347
9.48569
9.48769
9.48947
9.49103
9.49238
9.49351
9.49442
9.49511
9.49557
9.49581
6.91199
6.92579
6.95372
6.99632
7.05419
7.12769
7.21652
7.31937
7.43378
7.55646
7.68392
7.81293
7.94075
8.06524
8.18477
8.29812
8.40443
8.50313
8.59395
8.67694
8.75244
8.82094
8.88298
8.93911
8.98983
9.03563
9.07699
9.11437
9.14822
9.17895
9.20696
9.23255
9.25594
9.27731
9.29681
9.31456
9.33069
9.34532
9.35854
9.37045
9.38116
9.39073
9.39928
9.4069
9.41369
9.41976
9.42518
9.43003
9.43438
9.43828
9.44179
9.44495
9.44781
9.45039
9.45273
9.45484
9.45672
9.45838
9.45981
9.46102
9.46199
9.46273
9.46322
9.46347
6.70792
6.72236
6.75169
6.79669
6.85831
6.93726
7.03351
7.14573
7.27103
7.4054
7.54469
7.68519
7.82383
7.95832
8.08697
8.20855
8.32219
8.42731
8.52364
8.61128
8.69074
8.76263
8.82762
8.8863
8.93926
8.98702
9.03008
9.06895
9.10412
9.13606
9.16519
9.19185
9.21626
9.23858
9.25895
9.2775
9.29436
9.30964
9.32345
9.33589
9.34704
9.35701
9.36589
9.37379
9.38083
9.38711
9.39272
9.39774
9.40224
9.40628
9.40992
9.41319
9.41616
9.41885
9.42129
9.4235
9.42548
9.42723
9.42875
9.43003
9.43106
9.43184
9.43237
9.43263
6.50904
6.52398
6.55444
6.60151
6.66652
6.75068
6.85438
6.9763
7.11305
7.25968
7.41124
7.56352
7.7131
7.85758
7.99529
8.12496
8.24575
8.35708
8.45864
8.55063
8.6337
8.70867
8.77631
8.8373
8.89226
8.94175
8.98631
9.02648
9.06279
9.09577
9.1259
9.15353
9.17886
9.20205
9.22323
9.24252
9.26003
9.27591
9.29026
9.30317
9.31475
9.32506
9.33423
9.34237
9.34961
9.35607
9.36185
9.36701
9.37164
9.3758
9.37954
9.38292
9.38598
9.38876
9.3913
9.39361
9.39568
9.39752
9.39911
9.40047
9.40156
9.40239
9.40294
9.40322
6.31533
6.33061
6.36191
6.41061
6.47859
6.56765
6.67877
6.81079
6.95965
7.11917
7.28347
7.44781
7.60843
7.76286
7.90952
8.04713
8.1749
8.29225
8.39877
8.49474
8.58107
8.65882
8.72884
8.79188
8.84863
8.89964
8.9455
8.98679
9.02407
9.05794
9.08894
9.11744
9.14363
9.16762
9.18954
9.20949
9.22761
9.24404
9.25887
9.27222
9.28417
9.2948
9.30421
9.31255
9.31996
9.32657
9.33248
9.33777
9.34251
9.34676
9.3506
9.35405
9.3572
9.36007
9.3627
9.36509
9.36725
9.36918
9.37085
9.37227
9.37343
9.3743
9.37489
9.37518
6.12678
6.14223
6.17402
6.22391
6.29431
6.38787
6.50632
6.64887
6.81066
6.98377
7.16128
7.33798
7.50968
7.67397
7.82946
7.97484
8.1094
8.2326
8.3438
8.44338
8.53262
8.61283
8.68495
8.74981
8.80814
8.8605
8.90747
8.94971
8.9878
9.02239
9.05414
9.08344
9.11041
9.13515
9.15775
9.17832
9.19699
9.21391
9.22919
9.24294
9.25524
9.26613
9.27575
9.28425
9.2918
9.29853
9.30455
9.30994
9.31477
9.3191
9.32301
9.32654
9.32974
9.33269
9.33541
9.33789
9.34013
9.34214
9.3439
9.34539
9.3466
9.34752
9.34813
9.34844
5.94344
5.95886
5.99078
6.04131
6.11353
6.21102
6.33666
6.49024
6.66596
6.85343
7.04459
7.23394
7.41672
7.59072
7.7549
7.90785
8.04903
8.17794
8.29355
8.39633
8.48807
8.57046
8.64443
8.71088
8.77063
8.82414
8.87206
8.91509
8.95381
8.98897
9.02136
9.0514
9.07911
9.10453
9.12777
9.1489
9.16806
9.18544
9.20113
9.21524
9.22785
9.23899
9.24876
9.25738
9.26504
9.27186
9.27797
9.28344
9.28835
9.29275
9.29672
9.3003
9.30356
9.30657
9.30937
9.31193
9.31426
9.31635
9.31818
9.31974
9.32102
9.32199
9.32262
9.32294
5.76532
5.78054
5.8122
5.86278
5.93608
6.03682
6.16936
6.33454
6.52546
6.72812
6.93335
7.13564
7.32941
7.51288
7.68565
7.84594
7.99352
8.12807
8.24782
8.35334
8.44717
8.53148
8.60705
8.67488
8.73589
8.79039
8.83909
8.88277
8.92196
8.95752
8.99044
9.0212
9.0496
9.07565
9.0995
9.12113
9.14073
9.15853
9.17459
9.18903
9.20194
9.21329
9.22317
9.23187
9.23961
9.24651
9.25268
9.25822
9.26319
9.26764
9.27165
9.27527
9.27857
9.28164
9.28452
9.28717
9.28958
9.29175
9.29365
9.29528
9.29662
9.29764
9.2983
9.29863
5.59248
5.60729
5.63829
5.6883
5.76186
5.86499
6.00399
6.1814
6.38917
6.60787
6.82746
7.04306
7.24763
7.44023
7.62149
7.78883
7.9426
8.08285
8.20644
8.31416
8.40964
8.49565
8.57259
8.64158
8.70375
8.75909
8.80839
8.85262
8.89211
8.92789
8.96124
8.99271
9.02177
9.04842
9.07284
9.09492
9.11491
9.1331
9.14948
9.16423
9.17744
9.18896
9.19891
9.20765
9.21545
9.22239
9.22861
9.23421
9.23922
9.24371
9.24776
9.25141
9.25473
9.25785
9.26081
9.26353
9.26602
9.26827
9.27025
9.27195
9.27336
9.27442
9.27511
9.27545
5.42496
5.43918
5.46912
5.5179
5.59078
5.69525
5.84004
6.03036
6.25719
6.49275
6.7268
6.95619
7.17125
7.37246
7.56225
7.73628
7.89595
8.04212
8.16928
8.27856
8.37519
8.46277
8.54084
8.61078
8.67405
8.73007
8.77982
8.82451
8.86414
8.89993
8.93362
8.96585
8.99554
9.02271
9.04771
9.07018
9.09049
9.10906
9.12574
9.14075
9.15427
9.16594
9.17591
9.18464
9.19248
9.19945
9.20569
9.21135
9.2164
9.22091
9.22499
9.22864
9.23197
9.23513
9.23817
9.24098
9.24354
9.24588
9.24793
9.2497
9.25118
9.25228
9.25299
9.25334
5.2628
5.27626
5.30473
5.35163
5.42283
5.52735
5.67698
5.88089
6.12978
6.38288
6.63119
6.87511
7.10012
7.30925
7.50778
7.68802
7.85322
8.00582
8.13623
8.24628
8.3435
8.43265
8.51162
8.58226
8.64667
8.7032
8.7532
8.79834
8.83793
8.8735
8.90741
8.94051
8.97081
8.99845
9.02403
9.04683
9.06739
9.08635
9.10326
9.11851
9.13239
9.14418
9.15409
9.16277
9.17065
9.17762
9.18387
9.18959
9.19465
9.19917
9.20329
9.20693
9.21024
9.21343
9.21658
9.21946
9.22209
9.22451
9.22663
9.22846
9.23002
9.23118
9.2319
9.23225
5.10603
5.11856
5.14521
5.18955
5.258
5.36111
5.51418
5.73227
6.00741
6.27842
6.54033
6.79998
7.03411
7.25015
7.45801
7.64378
7.81395
7.97391
8.1072
8.21703
8.31423
8.40513
8.48473
8.55578
8.62148
8.67833
8.72837
8.77402
8.81338
8.84843
8.88245
8.91665
8.94751
8.97551
9.00175
9.02479
9.04551
9.0649
9.08199
9.09743
9.11173
9.12361
9.13339
9.14196
9.14989
9.15684
9.16308
9.16887
9.17393
9.17844
9.1826
9.18622
9.18949
9.1927
9.19596
9.19892
9.20161
9.20413
9.20631
9.2082
9.20986
9.21106
9.21179
9.21214
4.95468
4.96613
4.99063
5.03178
5.09638
5.19635
5.35098
5.58355
5.89087
6.17959
6.4537
6.73108
6.97309
7.19458
7.41297
7.60328
7.77758
7.94648
8.08215
8.19052
8.28698
8.38013
8.46001
8.53109
8.59843
8.65535
8.70513
8.7515
8.79042
8.82459
8.85858
8.89423
8.92557
8.95378
8.98082
9.004
9.02475
9.04465
9.06185
9.07742
9.09226
9.1042
9.11374
9.12215
9.13016
9.13707
9.14325
9.14915
9.15419
9.15866
9.16288
9.16646
9.16965
9.17287
9.1763
9.17932
9.18205
9.18469
9.18691
9.18886
9.19063
9.19188
9.19262
9.19296
4.80873
4.81898
4.84104
4.87843
4.93809
5.03303
5.18669
5.43344
5.7814
6.08662
6.37052
6.66893
6.91691
7.14177
7.37288
7.56625
7.74338
7.92377
8.0611
8.16644
8.26127
8.35764
8.43732
8.50787
8.57749
8.63413
8.68328
8.73076
8.76896
8.80182
8.83557
8.87325
8.90492
8.93313
8.96122
8.98438
9.005
9.02559
9.04277
9.05836
9.07396
9.08589
9.09507
9.10325
9.11143
9.11824
9.12434
9.13039
9.13538
9.13979
9.1441
9.14762
9.15069
9.1539
9.15754
9.16061
9.16337
9.16614
9.16841
9.17039
9.17231
9.17361
9.17433
9.17466
4.66817
4.67714
4.69651
4.72963
4.78331
4.87117
5.02057
5.28011
5.68085
5.99978
6.28957
6.61438
6.86543
7.09067
7.33819
7.53242
7.71037
7.90622
8.04406
8.14443
8.23654
8.33774
8.4165
8.48576
8.55874
8.61457
8.66256
8.71183
8.74897
8.77996
8.8132
8.85377
8.88552
8.91341
8.94296
8.96586
8.98612
9.0077
9.02469
9.04014
9.05682
9.06866
9.07733
9.08519
9.09365
9.10031
9.10626
9.11256
9.11746
9.12175
9.12623
9.12965
9.13255
9.13573
9.13966
9.14276
9.14551
9.14847
9.15074
9.15274
9.15487
9.15619
9.15689
9.1572
4.53297
4.54058
4.55709
4.58553
4.63229
4.71095
4.85199
5.121
5.59194
5.91932
6.20907
6.56875
6.81848
7.03983
7.30973
7.5015
7.67722
7.89458
8.03109
8.12411
8.21209
8.32071
8.39743
8.4643
8.54232
8.59657
8.64263
8.6948
8.7304
8.75887
8.79117
8.83593
8.86732
8.8944
8.9261
8.9484
8.96796
8.991
9.00754
9.02261
9.04087
9.05247
9.06044
9.06787
9.07681
9.08324
9.08895
9.09564
9.10038
9.1045
9.10925
9.11252
9.11519
9.11829
9.12265
9.12572
9.12842
9.13164
9.13388
9.13587
9.13826
9.1396
9.14026
9.14053
4.40306
4.40928
4.4228
4.44624
4.48528
4.5527
4.68044
4.95252
5.51852
5.84542
6.12645
6.534
6.77588
6.9873
7.28884
7.47324
7.64216
7.88998
8.0222
8.1051
8.18705
8.307
8.38001
8.44288
8.52854
8.58002
8.62308
8.67987
8.71322
8.73839
8.7691
8.81996
8.85027
8.87587
8.91074
8.93193
8.95032
8.97556
8.99127
9.0056
9.02616
9.03729
9.04435
9.05119
9.06092
9.06698
9.07232
9.07963
9.08411
9.08796
9.09313
9.09619
9.09856
9.10152
9.1065
9.10947
9.11204
9.11563
9.11779
9.1197
9.12247
9.1238
9.12439
9.12463
4.27838
4.28318
4.29366
4.3119
4.34262
4.39691
4.50572
4.76968
5.46599
5.77815
6.03808
6.51302
6.73739
6.93041
7.27752
7.44737
7.6028
7.89413
8.01736
8.08699
8.16029
8.29737
8.3641
8.42071
8.5179
8.56483
8.60338
8.66733
8.69741
8.71841
8.74651
8.80622
8.83431
8.85746
8.89706
8.9164
8.93294
8.96151
8.97581
8.98888
9.01279
9.02308
9.02898
9.03504
9.046
9.05149
9.05628
9.06453
9.0686
9.07205
9.07788
9.08064
9.08262
9.08533
9.09121
9.09397
9.09631
9.10043
9.10242
9.10419
9.10748
9.10875
9.10925
9.10944
4.15883
4.16222
4.16963
4.1826
4.20459
4.24424
4.32815
4.56562
5.44173
5.71735
5.93904
6.5099
6.70272
6.86559
7.27868
7.4236
7.55597
7.90948
8.01635
8.06944
8.1304
8.29292
8.34957
8.39678
8.51113
8.55086
8.58283
8.65763
8.6829
8.69883
8.72278
8.79521
8.81939
8.83875
8.88537
8.90173
8.91552
8.94904
8.96113
8.97217
9.00094
9.0098
9.01427
9.01927
9.03211
9.03673
9.04071
9.05038
9.05381
9.05668
9.06351
9.06583
9.06733
9.06965
9.0768
9.07918
9.08115
9.08604
9.08775
9.08926
9.09329
9.09441
9.0948
9.09494
4.04429
4.0463
4.05069
4.05839
4.07152
4.09552
4.14886
4.33099
5.45566
5.66255
5.82275
6.53029
6.67141
6.78814
7.29637
7.40165
7.49753
7.9394
8.01871
8.05216
8.09554
8.29522
8.33626
8.36975
8.50927
8.538
8.56054
8.65142
8.66962
8.67961
8.6971
8.78768
8.80543
8.81918
8.87605
8.88788
8.89765
8.93845
8.94715
8.95509
8.99084
8.99737
9.00018
9.0037
9.01934
9.02266
9.02548
9.03724
9.03971
9.04174
9.05005
9.05172
9.05266
9.05436
9.06332
9.06507
9.06648
9.07249
9.07373
9.07483
9.0799
9.08075
9.081
9.08109
3.93465
3.93532
3.93676
3.9393
3.94365
3.95165
3.97012
4.05334
5.52087
5.61278
5.6806
6.58181
6.64285
6.69195
7.33608
7.3812
7.42208
7.98851
8.02357
8.03509
8.05338
8.30638
8.32397
8.3379
8.51376
8.52605
8.53536
8.64959
8.65738
8.66081
8.6684
8.78459
8.79231
8.79803
8.8697
8.87475
8.87881
8.93013
8.93383
8.9372
8.98283
8.98571
8.98667
8.98814
9.00783
9.00924
9.01041
9.02521
9.02626
9.0271
9.03756
9.03827
9.0386
9.03934
9.05084
9.0516
9.05219
9.05981
9.06034
9.06081
9.06735
9.06773
9.06782
9.06785
)
;

boundaryField
{
    left
    {
        type            zeroGradient;
    }
    right
    {
        type            zeroGradient;
    }
    interface
    {
        type            fixedValue;
        value           nonuniform List<scalar> 
64
(
3.88104
3.88104
3.88104
3.88104
3.88104
3.88104
3.88104
3.88104
5.58909
5.58909
5.58909
6.6292
6.6292
6.6292
7.37131
7.37131
7.37131
8.02656
8.02656
8.02656
8.02656
8.31806
8.31806
8.31806
8.52028
8.52028
8.52028
8.65151
8.65151
8.65151
8.65151
8.78595
8.78595
8.78595
8.86835
8.86835
8.86835
8.92733
8.92733
8.92733
8.98006
8.98006
8.98006
8.98006
9.00269
9.00269
9.00269
9.0197
9.0197
9.0197
9.03171
9.03171
9.03171
9.03171
9.04503
9.04503
9.04503
9.0538
9.0538
9.0538
9.06138
9.06138
9.06138
9.06138
)
;
    }
    bottom
    {
        type            fixedValue;
        value           uniform 10;
    }
    defaultFaces
    {
        type            empty;
    }
}


// ************************************************************************* //
