/*--------------------------------*- C++ -*----------------------------------*\
| =========                 |                                                 |
| \\      /  F ield         | OpenFOAM: The Open Source CFD Toolbox           |
|  \\    /   O peration     | Version:  5.x                                   |
|   \\  /    A nd           | Web:      www.OpenFOAM.org                      |
|    \\/     M anipulation  |                                                 |
\*---------------------------------------------------------------------------*/
FoamFile
{
    version     2.0;
    format      ascii;
    class       volScalarField;
    location    "5.9";
    object      gradTy;
}
// * * * * * * * * * * * * * * * * * * * * * * * * * * * * * * * * * * * * * //

dimensions      [0 -1 0 1 0 0 0];

internalField   nonuniform List<scalar> 
2048
(
-20.2508
-20.1549
-19.9641
-19.6807
-19.3081
-18.8516
-18.3177
-17.7149
-17.0533
-16.3438
-15.5986
-14.8298
-14.0492
-13.2681
-12.4965
-11.743
-11.0148
-10.3176
-9.65557
-9.03135
-8.44647
-7.90139
-7.39568
-6.92825
-6.49751
-6.10155
-5.73824
-5.40534
-5.10063
-4.82192
-4.56715
-4.33438
-4.12186
-3.92798
-3.75131
-3.59052
-3.44444
-3.31197
-3.1921
-3.08388
-2.9864
-2.89882
-2.82031
-2.75008
-2.68736
-2.63144
-2.58164
-2.53734
-2.49793
-2.4629
-2.43177
-2.40411
-2.37956
-2.3578
-2.33859
-2.3217
-2.30698
-2.29428
-2.28352
-2.27463
-2.26756
-2.26228
-2.25877
-2.25702
-20.3283
-20.2316
-20.039
-19.7527
-19.3761
-18.9141
-18.3734
-17.7626
-17.0919
-16.3728
-15.6177
-14.8392
-14.0497
-13.2604
-12.4818
-11.7225
-10.9897
-10.2892
-9.62492
-8.99948
-8.41424
-7.8695
-7.36467
-6.89852
-6.46933
-6.07509
-5.71358
-5.38249
-5.07954
-4.8025
-4.54928
-4.31794
-4.10672
-3.91401
-3.73839
-3.57856
-3.43336
-3.30171
-3.18261
-3.07511
-2.97834
-2.89142
-2.81355
-2.74392
-2.68179
-2.62642
-2.57714
-2.5333
-2.49433
-2.45968
-2.42889
-2.40153
-2.37723
-2.35569
-2.33664
-2.31989
-2.30527
-2.29265
-2.28195
-2.27309
-2.26605
-2.26079
-2.25729
-2.25554
-20.4758
-20.3774
-20.1816
-19.89
-19.5057
-19.0334
-18.4797
-17.8535
-17.1654
-16.4277
-15.6536
-14.8567
-14.0498
-13.2451
-12.453
-11.6827
-10.9414
-10.2346
-9.56618
-8.93855
-8.35275
-7.80876
-7.3057
-6.84206
-6.41589
-6.02497
-5.66691
-5.33928
-5.03969
-4.76584
-4.51558
-4.28694
-4.07816
-3.88765
-3.71401
-3.55599
-3.41245
-3.28234
-3.16468
-3.05855
-2.96309
-2.87743
-2.80077
-2.73231
-2.67128
-2.61695
-2.56863
-2.52569
-2.48753
-2.45362
-2.42347
-2.39667
-2.37285
-2.3517
-2.33298
-2.31648
-2.30205
-2.28958
-2.27898
-2.2702
-2.2632
-2.25796
-2.25448
-2.25274
-20.6847
-20.5844
-20.3842
-20.0854
-19.6905
-19.2037
-18.6316
-17.9832
-17.27
-16.5053
-15.7039
-14.8802
-14.0485
-13.2216
-12.4105
-11.6247
-10.8713
-10.1558
-9.48179
-8.85131
-8.26498
-7.72232
-7.22199
-6.7621
-6.34036
-5.95425
-5.60117
-5.27851
-4.98373
-4.71441
-4.46833
-4.2435
-4.03814
-3.85071
-3.67984
-3.52433
-3.3831
-3.25513
-3.13949
-3.03528
-2.94166
-2.85777
-2.78282
-2.71599
-2.65652
-2.60367
-2.55673
-2.51505
-2.47804
-2.44516
-2.41592
-2.38991
-2.36675
-2.34616
-2.32788
-2.31173
-2.29757
-2.28529
-2.27482
-2.26613
-2.2592
-2.254
-2.25053
-2.2488
-20.9481
-20.8455
-20.6403
-20.3331
-19.9253
-19.4205
-18.825
-18.1481
-17.4024
-16.6029
-15.7659
-14.9078
-14.0443
-13.1891
-12.354
-11.5486
-10.7803
-10.0542
-9.37355
-8.73995
-8.15341
-7.61284
-7.11633
-6.66147
-6.24553
-5.86567
-5.51901
-5.20271
-4.91404
-4.65046
-4.40965
-4.18957
-3.98847
-3.80483
-3.63738
-3.48497
-3.34658
-3.22125
-3.10811
-3.00628
-2.91494
-2.83327
-2.76045
-2.69568
-2.63817
-2.58716
-2.54195
-2.50186
-2.4663
-2.4347
-2.4066
-2.38157
-2.35925
-2.33934
-2.32161
-2.30588
-2.29203
-2.27998
-2.26967
-2.26109
-2.25422
-2.24906
-2.24561
-2.24389
-21.2593
-21.1545
-20.9443
-20.628
-20.2059
-19.6803
-19.057
-18.3457
-17.5603
-16.7179
-15.8374
-14.9375
-14.0354
-13.1464
-12.2828
-11.4545
-10.6688
-9.93068
-9.24285
-8.60623
-8.02012
-7.48264
-6.99117
-6.54267
-6.13393
-5.76171
-5.42283
-5.11418
-4.83283
-4.57607
-4.34148
-4.12696
-3.9308
-3.75155
-3.58802
-3.43916
-3.30404
-3.18176
-3.07149
-2.97242
-2.88374
-2.80466
-2.73434
-2.67199
-2.6168
-2.56798
-2.5248
-2.48658
-2.45271
-2.42263
-2.39587
-2.37198
-2.35062
-2.3315
-2.3144
-2.29915
-2.28565
-2.27385
-2.26371
-2.25523
-2.24842
-2.2433
-2.23987
-2.23816
-21.6123
-21.5057
-21.291
-20.966
-20.5289
-19.9804
-19.3253
-18.5737
-17.7413
-16.8481
-15.9161
-14.9669
-14.0201
-13.0921
-12.1961
-11.342
-10.5371
-9.78599
-9.09078
-8.45163
-7.86691
-7.33377
-6.84872
-6.408
-6.00786
-5.64463
-5.3148
-5.01502
-4.74211
-4.49316
-4.26561
-4.05733
-3.86665
-3.69223
-3.53301
-3.38804
-3.2565
-3.13759
-3.0305
-2.93449
-2.84879
-2.7726
-2.70512
-2.64551
-2.59294
-2.54659
-2.50572
-2.46962
-2.43766
-2.40929
-2.38402
-2.36142
-2.34114
-2.32289
-2.30647
-2.29173
-2.27861
-2.26706
-2.25708
-2.2487
-2.24194
-2.23684
-2.23343
-2.23172
-22.0015
-21.8938
-21.6759
-21.3434
-20.8917
-20.319
-19.6285
-18.8307
-17.9437
-16.9914
-15.9997
-14.994
-13.9964
-13.0247
-12.0928
-11.2107
-10.3853
-9.62059
-8.91826
-8.27747
-7.69543
-7.16813
-6.69102
-6.25956
-5.8694
-5.51646
-5.19693
-4.90716
-4.64372
-4.40346
-4.18368
-3.98219
-3.79739
-3.62811
-3.47344
-3.33262
-3.2049
-3.08957
-2.9859
-2.89319
-2.81071
-2.73769
-2.67332
-2.61673
-2.56706
-2.52345
-2.48512
-2.45134
-2.42148
-2.39499
-2.37135
-2.35016
-2.33104
-2.31373
-2.29803
-2.28382
-2.27106
-2.25975
-2.24992
-2.24162
-2.2349
-2.22982
-2.2264
-2.22469
-22.4213
-22.3138
-22.0948
-21.7569
-21.292
-20.6947
-19.9657
-19.1159
-18.1662
-17.1457
-16.0859
-15.0164
-13.9623
-12.9428
-11.9722
-11.0601
-10.2132
-9.43486
-8.72608
-8.08493
-7.50723
-6.9875
-6.52001
-6.09931
-5.72048
-5.37908
-5.071
-4.79232
-4.53932
-4.30859
-4.09718
-3.9029
-3.72424
-3.56028
-3.41031
-3.27377
-3.15002
-3.03844
-2.93836
-2.84913
-2.77006
-2.70042
-2.63941
-2.58611
-2.53959
-2.49894
-2.46335
-2.43208
-2.40448
-2.37999
-2.35812
-2.33842
-2.32055
-2.30422
-2.28925
-2.27557
-2.26317
-2.25208
-2.24237
-2.23412
-2.22741
-2.22232
-2.21889
-2.21718
-22.8662
-22.7606
-22.5434
-22.2036
-21.7284
-21.1071
-20.337
-19.4288
-18.4076
-17.3093
-16.1723
-15.0317
-13.9157
-12.8448
-11.8331
-10.8899
-10.0209
-9.22917
-8.51496
-7.87515
-7.30379
-6.79362
-6.33751
-5.9291
-5.5629
-5.2342
-4.93864
-4.67206
-4.43044
-4.21
-4.0075
-3.8207
-3.64831
-3.4897
-3.34448
-3.21226
-3.09258
-2.98485
-2.88848
-2.80284
-2.72733
-2.66126
-2.60383
-2.55405
-2.5109
-2.47342
-2.44075
-2.41213
-2.38692
-2.36456
-2.34454
-2.32642
-2.30984
-2.29452
-2.2803
-2.26713
-2.25505
-2.24414
-2.23451
-2.22628
-2.21955
-2.21444
-2.21099
-2.20927
-23.3307
-23.2291
-23.0176
-22.6809
-22.1996
-21.5563
-20.7431
-19.7698
-18.667
-17.4799
-16.2563
-15.0373
-13.8545
-12.7293
-11.6749
-10.6996
-9.80843
-9.00382
-8.28557
-7.64923
-7.08661
-6.5882
-6.14532
-5.75067
-5.39831
-5.08335
-4.80131
-4.54779
-4.31845
-4.10903
-3.91589
-3.73671
-3.57056
-3.41722
-3.27666
-3.14878
-3.03319
-2.92937
-2.83675
-2.75478
-2.68293
-2.62058
-2.56693
-2.52088
-2.48132
-2.44719
-2.41759
-2.39176
-2.36904
-2.34889
-2.33081
-2.31434
-2.2991
-2.28481
-2.27131
-2.25862
-2.24682
-2.23604
-2.22645
-2.21819
-2.21142
-2.20625
-2.20277
-2.20104
-23.8094
-23.7144
-23.5136
-23.1861
-22.7049
-22.0433
-21.1854
-20.1396
-18.9434
-17.6555
-16.335
-15.0304
-13.7766
-12.5949
-11.4968
-10.4893
-9.57602
-8.75916
-8.03852
-7.40826
-6.85719
-6.37295
-5.94519
-5.56572
-5.22824
-4.92793
-4.6603
-4.42074
-4.20458
-4.00692
-3.82351
-3.65195
-3.49182
-3.34354
-3.20749
-3.08387
-2.97238
-2.87249
-2.78365
-2.70537
-2.63722
-2.57871
-2.52902
-2.48694
-2.45116
-2.42054
-2.39414
-2.37118
-2.35104
-2.33318
-2.31709
-2.30233
-2.28848
-2.27521
-2.26241
-2.25014
-2.23856
-2.22787
-2.21825
-2.20992
-2.20306
-2.19782
-2.19429
-2.19255
-24.2966
-24.2113
-24.027
-23.7167
-23.2439
-22.5694
-21.6664
-20.5395
-19.2361
-17.8335
-16.4056
-15.0082
-13.6799
-12.4406
-11.2986
-10.259
-9.32399
-8.49547
-7.77434
-7.15333
-6.61712
-6.14962
-5.73884
-5.37582
-5.05407
-4.76917
-4.51674
-4.29198
-4.08992
-3.90483
-3.73146
-3.56731
-3.41284
-3.26926
-3.13747
-3.01801
-2.91061
-2.81463
-2.72957
-2.65496
-2.59048
-2.5359
-2.49039
-2.4525
-2.42069
-2.39372
-2.3706
-2.35058
-2.33308
-2.31756
-2.30353
-2.29053
-2.27809
-2.26585
-2.2537
-2.24179
-2.23037
-2.21968
-2.20999
-2.20154
-2.19453
-2.1892
-2.1856
-2.18385
-24.7867
-24.7145
-24.5536
-24.2702
-23.8163
-23.137
-22.1895
-20.9717
-19.544
-18.011
-16.4644
-14.9675
-13.5624
-12.2655
-11.0801
-10.0092
-9.0529
-8.21298
-7.49343
-6.88556
-6.36808
-5.91998
-5.52797
-5.18253
-4.87706
-4.60814
-4.3716
-4.1624
-3.97544
-3.80383
-3.64078
-3.4836
-3.33419
-3.19485
-3.067
-2.95158
-2.84827
-2.75619
-2.67486
-2.60384
-2.54296
-2.49237
-2.45126
-2.41781
-2.39014
-2.36694
-2.34719
-2.33015
-2.31531
-2.30217
-2.29024
-2.27906
-2.26808
-2.25685
-2.24527
-2.23364
-2.22229
-2.21153
-2.2017
-2.19308
-2.18589
-2.18042
-2.17677
-2.17501
-25.2741
-25.2189
-25.0888
-24.8435
-24.4218
-23.7489
-22.7593
-21.4391
-19.8657
-18.1843
-16.508
-14.905
-13.422
-12.0694
-10.8416
-9.74074
-8.76358
-7.91175
-7.19594
-6.60612
-6.11196
-5.68584
-5.31425
-4.98731
-4.69832
-4.44575
-4.2257
-4.0327
-3.86195
-3.705
-3.5525
-3.40149
-3.25634
-3.1207
-2.99636
-2.88489
-2.78572
-2.69748
-2.61985
-2.55231
-2.49483
-2.44825
-2.41182
-2.3831
-2.35974
-2.3404
-2.32407
-2.31
-2.29784
-2.28711
-2.27731
-2.268
-2.25853
-2.24829
-2.2372
-2.22574
-2.21438
-2.20348
-2.19344
-2.18458
-2.17715
-2.17153
-2.16782
-2.16607
-25.7534
-25.7189
-25.628
-25.4334
-25.0601
-24.4088
-23.3821
-21.9457
-20.1989
-18.349
-16.5324
-14.8169
-13.2571
-11.8523
-10.5835
-9.45476
-8.45728
-7.59157
-6.88172
-6.31627
-5.85091
-5.44901
-5.09927
-4.79161
-4.51875
-4.28275
-4.07977
-3.90338
-3.75014
-3.60938
-3.46768
-3.32156
-3.17962
-3.04709
-2.92573
-2.81819
-2.72329
-2.63879
-2.56483
-2.50062
-2.44619
-2.40364
-2.37225
-2.34861
-2.32969
-2.31428
-2.30139
-2.29026
-2.28076
-2.27246
-2.2648
-2.25744
-2.24956
-2.24029
-2.22953
-2.21814
-2.20668
-2.19554
-2.18524
-2.1761
-2.16834
-2.16255
-2.15879
-2.15708
-26.2192
-26.2094
-26.1661
-26.0363
-25.7306
-25.1207
-24.066
-22.4971
-20.5398
-18.4995
-16.534
-14.6991
-13.0659
-11.6154
-10.3065
-9.15288
-8.13587
-7.25175
-6.55008
-6.01743
-5.5875
-5.21122
-4.88456
-4.5969
-4.33904
-4.11972
-3.93443
-3.7747
-3.64049
-3.51811
-3.38748
-3.24419
-3.10419
-2.97427
-2.85519
-2.75164
-2.66132
-2.58037
-2.51007
-2.44905
-2.39709
-2.35854
-2.33271
-2.31458
-2.30016
-2.28872
-2.27929
-2.271
-2.26415
-2.25829
-2.25275
-2.24742
-2.24125
-2.23293
-2.22232
-2.21086
-2.19923
-2.18774
-2.17714
-2.16766
-2.15949
-2.15348
-2.14971
-2.14808
-26.6668
-26.6852
-26.6978
-26.6477
-26.4318
-25.8892
-24.8212
-23.1008
-20.8824
-18.6287
-16.5099
-14.5469
-12.8471
-11.3607
-10.0109
-8.83718
-7.80219
-6.8908
-6.19959
-5.71133
-5.32492
-4.97398
-4.67149
-4.40477
-4.15956
-3.95707
-3.79038
-3.6466
-3.53328
-3.4324
-3.31323
-3.16953
-3.03006
-2.90245
-2.78465
-2.68537
-2.60017
-2.52238
-2.45585
-2.3979
-2.34748
-2.31288
-2.29336
-2.28128
-2.2713
-2.26387
-2.25792
-2.25228
-2.24805
-2.24465
-2.24117
-2.23798
-2.23372
-2.22631
-2.21556
-2.20392
-2.19206
-2.18009
-2.16914
-2.1593
-2.15059
-2.14434
-2.14062
-2.13912
-27.0915
-27.1414
-27.2178
-27.2623
-27.1614
-26.7188
-25.6608
-23.7678
-21.2166
-18.7281
-16.4587
-14.3539
-12.5993
-11.0924
-9.69654
-8.51015
-7.46067
-6.50595
-5.82786
-5.40016
-5.06731
-4.73833
-4.46125
-4.21709
-3.98022
-3.79506
-3.64844
-3.5186
-3.42851
-3.35368
-3.24661
-3.09736
-2.95702
-2.83198
-2.71384
-2.61944
-2.54032
-2.46487
-2.40242
-2.34761
-2.29717
-2.26649
-2.25436
-2.24903
-2.24324
-2.23981
-2.2374
-2.2341
-2.23248
-2.2316
-2.23003
-2.22913
-2.22706
-2.22058
-2.20926
-2.1973
-2.18521
-2.17257
-2.16129
-2.15109
-2.14163
-2.13511
-2.13154
-2.13026
-27.4896
-27.5734
-27.7203
-27.8743
-27.9157
-27.6136
-26.6011
-24.5138
-21.5263
-18.7874
-16.3824
-14.1117
-12.3216
-10.8173
-9.36138
-8.17475
-7.11824
-6.0924
-5.43114
-5.08684
-4.82017
-4.50442
-4.25474
-4.03635
-3.8002
-3.63377
-3.50991
-3.38965
-3.3258
-3.28368
-3.1898
-3.0269
-2.88466
-2.76342
-2.64223
-2.55386
-2.48246
-2.40773
-2.35006
-2.29878
-2.24579
-2.21906
-2.21592
-2.21826
-2.216
-2.21663
-2.21791
-2.21644
-2.21747
-2.21922
-2.21926
-2.22085
-2.22142
-2.21588
-2.20333
-2.19098
-2.17874
-2.16516
-2.1536
-2.1431
-2.13259
-2.12576
-2.1225
-2.12156
-27.8576
-27.9772
-28.1999
-28.4768
-28.6889
-28.5765
-27.6621
-25.3625
-21.7856
-18.7939
-16.289
-13.8079
-12.0128
-10.5466
-9.00037
-7.83429
-6.78585
-5.64211
-5.00407
-4.7754
-4.59104
-4.27081
-4.05253
-3.86609
-3.61757
-3.4731
-3.37682
-3.25788
-3.22433
-3.22449
-3.14581
-2.95643
-2.81231
-2.69783
-2.56881
-2.48859
-2.42761
-2.35053
-2.29902
-2.25231
-2.19272
-2.17016
-2.17834
-2.1895
-2.18951
-2.19436
-2.19968
-2.19918
-2.20301
-2.20765
-2.20873
-2.21309
-2.21694
-2.21244
-2.19764
-2.18492
-2.17276
-2.15776
-2.14609
-2.13544
-2.12342
-2.11627
-2.11354
-2.11307
-28.193
-28.3492
-28.6512
-29.062
-29.4734
-29.608
-28.8674
-26.3494
-21.9539
-18.7334
-16.1958
-13.4233
-11.6722
-10.2983
-8.603
-7.4924
-6.48068
-5.14206
-4.53935
-4.47132
-4.39042
-4.03346
-3.85477
-3.71169
-3.42868
-3.31282
-3.25259
-3.12017
-3.1227
-3.17871
-3.11892
-2.8829
-2.73906
-2.63705
-2.49192
-2.42353
-2.37734
-2.29233
-2.24954
-2.20962
-2.13689
-2.11917
-2.14198
-2.16353
-2.16354
-2.17301
-2.18305
-2.18209
-2.18907
-2.19707
-2.19823
-2.20575
-2.21382
-2.21056
-2.19192
-2.17907
-2.16744
-2.15023
-2.13878
-2.12831
-2.114
-2.10658
-2.10469
-2.10488
-28.4942
-28.6865
-29.0692
-29.6218
-30.2587
-30.7051
-30.2436
-27.5286
-21.9683
-18.5896
-16.1354
-12.9274
-11.2989
-10.1006
-8.14975
-7.15289
-6.22939
-4.57156
-4.0277
-4.18196
-4.23304
-3.78423
-3.66118
-3.58149
-3.22714
-3.15254
-3.14276
-2.97159
-3.01882
-3.14947
-3.11531
-2.80109
-2.66378
-2.5843
-2.40879
-2.35854
-2.3341
-2.23141
-2.20188
-2.17288
-2.07662
-2.06533
-2.10738
-2.14141
-2.13754
-2.15255
-2.16854
-2.16477
-2.17564
-2.18782
-2.18742
-2.19867
-2.21227
-2.21072
-2.18576
-2.17332
-2.16307
-2.14233
-2.13168
-2.12197
-2.10416
-2.0966
-2.096
-2.09707
-28.7599
-28.9873
-29.4493
-30.1476
-31.0321
-31.8592
-31.8192
-28.9826
-21.7328
-18.3459
-16.1632
-12.2722
-10.8923
-9.99727
-7.60714
-6.81967
-6.07276
-3.89829
-3.45811
-3.91693
-4.13969
-3.5087
-3.47107
-3.48834
-3.00241
-2.9918
-3.05614
-2.80451
-2.90993
-3.14046
-3.14395
-2.70268
-2.58516
-2.54481
-2.31497
-2.29342
-2.30171
-2.1648
-2.15625
-2.14545
-2.00927
-2.00773
-2.07521
-2.1246
-2.11053
-2.13288
-2.15694
-2.14656
-2.16265
-2.18044
-2.17576
-2.19166
-2.21256
-2.21356
-2.17846
-2.1676
-2.16011
-2.13363
-2.12481
-2.11684
-2.09361
-2.08626
-2.08753
-2.08972
-28.9901
-29.2502
-29.788
-30.6309
-31.7781
-33.0548
-33.6205
-30.8354
-21.1038
-17.986
-16.3677
-11.3826
-10.4523
-10.0545
-6.9206
-6.49665
-6.07202
-3.07274
-2.81882
-3.6881
-4.13978
-3.18325
-3.2835
-3.45185
-2.73779
-2.8302
-3.00629
-2.60736
-2.7927
-3.15571
-3.21795
-2.57475
-2.50187
-2.52684
-2.20347
-2.22802
-2.28592
-2.0877
-2.11287
-2.13233
-1.93078
-1.94539
-2.04636
-2.11518
-2.08093
-2.1139
-2.14947
-2.12639
-2.15008
-2.17574
-2.16248
-2.18444
-2.21495
-2.22008
-2.16896
-2.16178
-2.15928
-2.12347
-2.11817
-2.11354
-2.08188
-2.07546
-2.07934
-2.0829
-29.1851
-29.4748
-30.0825
-31.064
-32.4794
-34.2674
-35.6662
-33.2727
-19.8695
-17.4975
-16.8845
-10.1436
-9.98011
-10.3707
-6.00481
-6.18773
-6.31742
-2.0203
-2.09928
-3.50925
-4.27469
-2.77101
-3.09758
-3.50135
-2.4076
-2.66759
-3.01358
-2.36289
-2.66353
-3.19924
-3.35631
-2.39788
-2.41281
-2.54293
-2.06356
-2.16227
-2.2953
-1.99261
-2.07193
-2.14091
-1.83502
-1.87747
-2.02184
-2.11606
-2.04621
-2.09552
-2.14793
-2.10264
-2.13786
-2.17497
-2.14642
-2.17672
-2.21968
-2.2317
-2.15569
-2.15577
-2.16168
-2.11085
-2.11176
-2.11296
-2.06827
-2.06414
-2.07155
-2.07672
-29.3459
-29.6614
-30.3312
-31.4399
-33.1176
-35.4622
-37.9574
-36.5679
-17.7237
-16.875
-17.9143
-8.38285
-9.47954
-11.089
-4.73102
-5.8969
-6.93935
-0.63056
-1.29377
-3.39477
-4.60245
-2.21671
-2.91296
-3.67971
-1.97337
-2.50446
-3.10772
-2.04581
-2.51932
-3.2742
-3.58634
-2.14358
-2.31747
-2.61162
-1.87915
-2.09633
-2.34239
-1.86825
-2.03368
-2.18191
-1.71293
-1.8035
-2.00279
-2.13125
-2.00257
-2.07764
-2.155
-2.07288
-2.12601
-2.17996
-2.12589
-2.16822
-2.22692
-2.25052
-2.13633
-2.14949
-2.16893
-2.09424
-2.1056
-2.11641
-2.05169
-2.05228
-2.06426
-2.07125
-29.4743
-29.8113
-30.5337
-31.7536
-33.6744
-36.5938
-40.463
-41.1173
-14.2307
-16.127
-19.7447
-5.84797
-8.95919
-12.4136
-2.91064
-5.62862
-8.12256
1.25691
-0.40717
-3.35713
-5.20377
-1.44
-2.73065
-4.04825
-1.379
-2.34256
-3.33101
-1.61959
-2.35868
-3.38161
-3.9469
-1.77097
-2.21652
-2.75943
-1.62673
-2.03089
-2.44505
-1.6981
-1.99844
-2.2705
-1.55132
-1.72394
-1.99022
-2.16635
-1.9445
-2.06033
-2.1745
-2.03355
-2.11456
-2.19335
-2.09852
-2.15873
-2.23664
-2.27952
-2.10759
-2.14295
-2.18336
-2.07143
-2.09971
-2.12572
-2.03058
-2.03998
-2.05764
-2.06656
-29.5721
-29.9262
-30.6905
-32.0018
-34.1336
-37.6072
-43.099
-47.4857
-8.78199
-15.2837
-22.7773
-2.17811
-8.43576
-14.6293
-0.274906
-5.38844
-10.1236
3.87095
0.536399
-3.40247
-6.18995
-0.327151
-2.55418
-4.69265
-0.54455
-2.18574
-3.74224
-1.03246
-2.18396
-3.51817
-4.49254
-1.22261
-2.11266
-3.02343
-1.27275
-1.96748
-2.6282
-1.45864
-1.96675
-2.42776
-1.33139
-1.64081
-1.98478
-2.22903
-1.86419
-2.04382
-2.21177
-1.97963
-2.10371
-2.21881
-2.06093
-2.14829
-2.24848
-2.32294
-2.06488
-2.13627
-2.20826
-2.03931
-2.0942
-2.14345
-2.00268
-2.02756
-2.05187
-2.0627
-29.6417
-30.0082
-30.8036
-32.1839
-34.4825
-38.4414
-45.699
-56.4632
-0.542179
-14.4085
-27.5592
3.13078
-7.93869
-18.1247
3.54981
-5.18404
-13.2923
7.53193
1.48119
-3.52383
-7.71285
1.279
-2.39113
-5.73009
0.641286
-2.04124
-4.42132
-0.212235
-2.00421
-3.67333
-5.29876
-0.419463
-2.01171
-3.45415
-0.770362
-1.90897
-2.92593
-1.11721
-1.93953
-2.68244
-1.02682
-1.55878
-1.98626
-2.32973
-1.75085
-2.02874
-2.27415
-1.90415
-2.09387
-2.26138
-2.00848
-2.13736
-2.2615
-2.38669
-2.0019
-2.12977
-2.24815
-1.99354
-2.08925
-2.17309
-1.96483
-2.01566
-2.04717
-2.05973
-29.6856
-30.0601
-30.8756
-32.3012
-34.7137
-39.0369
-47.9769
-69.1356
11.6154
-13.6127
-34.819
10.767
-7.51653
-23.4203
9.07095
-5.02687
-18.0959
12.6801
2.32312
-3.6912
-9.97734
3.59093
-2.25523
-7.31742
2.33016
-1.92135
-5.47461
0.939962
-1.83929
-3.82502
-6.46848
0.745252
-1.92409
-4.11894
-0.0556444
-1.86036
-3.38383
-0.629437
-1.91831
-3.073
-0.601449
-1.4865
-1.99288
-2.48255
-1.58993
-2.01625
-2.3715
-1.79762
-2.08577
-2.32783
-1.93489
-2.12714
-2.2739
-2.47889
-1.91021
-2.1241
-2.30913
-1.92827
-2.08519
-2.21932
-1.9127
-2.00543
-2.04377
-2.05769
-29.7064
-30.0848
-30.9099
-32.3576
-34.827
-39.3467
-49.4779
-86.9677
29.1842
-13.0738
-45.5068
21.6504
-7.24511
-31.1983
16.9627
-4.93419
-25.1484
19.9092
2.8879
-3.83791
-13.2564
6.8902
-2.16896
-9.66033
4.72436
-1.84564
-7.04094
2.55715
-1.72541
-3.93413
-8.13989
2.41309
-1.8667
-5.10572
0.956706
-1.82962
-4.06171
0.0635856
-1.90563
-3.64995
-0.00660394
-1.43846
-2.00039
-2.70633
-1.36221
-2.00837
-2.51681
-1.64753
-2.0807
-2.42708
-1.83182
-2.11997
-2.28266
-2.61053
-1.77875
-2.12037
-2.39927
-1.83581
-2.08267
-2.28835
-1.84053
-1.99879
-2.04196
-2.05665
)
;

boundaryField
{
    left
    {
        type            calculated;
        value           nonuniform List<scalar> 
32
(
-20.2508
-20.3283
-20.4758
-20.6847
-20.9481
-21.2593
-21.6123
-22.0015
-22.4213
-22.8662
-23.3307
-23.8094
-24.2966
-24.7867
-25.2741
-25.7534
-26.2192
-26.6668
-27.0915
-27.4896
-27.8576
-28.193
-28.4942
-28.7599
-28.9901
-29.1851
-29.3459
-29.4743
-29.5721
-29.6417
-29.6856
-29.7064
)
;
    }
    right
    {
        type            calculated;
        value           nonuniform List<scalar> 
32
(
-2.25702
-2.25554
-2.25274
-2.2488
-2.24389
-2.23816
-2.23172
-2.22469
-2.21718
-2.20927
-2.20104
-2.19255
-2.18385
-2.17501
-2.16607
-2.15708
-2.14808
-2.13912
-2.13026
-2.12156
-2.11307
-2.10488
-2.09707
-2.08972
-2.0829
-2.07672
-2.07125
-2.06656
-2.0627
-2.05973
-2.05769
-2.05665
)
;
    }
    interface
    {
        type            calculated;
        value           nonuniform List<scalar> 
64
(
-29.7114
-30.0907
-30.9182
-32.3712
-34.8545
-39.4255
-49.9652
-97.3832
39.5336
-12.8956
-51.8416
28.0348
-7.15856
-35.8042
21.5971
-4.90657
-29.3237
24.129
3.07406
-3.895
-15.1884
8.82664
-2.14168
-11.0498
6.12658
-1.82181
-7.97194
3.501
-1.68698
-3.9719
-9.12075
3.3929
-1.84816
-5.692
1.54943
-1.81994
-4.46411
0.469771
-1.90182
-3.99217
0.340144
-1.42274
-2.00365
-2.83864
-1.22893
-2.0059
-2.60329
-1.55982
-2.07912
-2.48619
-1.77172
-2.11753
-2.28567
-2.6878
-1.70151
-2.11917
-2.45277
-1.78169
-2.0819
-2.32945
-1.79862
-1.99666
-2.04149
-2.05641
)
;
    }
    bottom
    {
        type            calculated;
        value           nonuniform List<scalar> 
64
(
-20.2305
-20.1349
-19.9446
-19.6619
-19.2904
-18.8353
-18.3032
-17.7025
-17.0432
-16.3363
-15.5936
-14.8273
-14.0491
-13.2701
-12.5002
-11.7483
-11.0213
-10.325
-9.66353
-9.03963
-8.45486
-7.90969
-7.40376
-6.936
-6.50487
-6.10846
-5.74468
-5.41131
-5.10614
-4.827
-4.57182
-4.33868
-4.12582
-3.93164
-3.75469
-3.59365
-3.44734
-3.31465
-3.19458
-3.08617
-2.98851
-2.90076
-2.82208
-2.75168
-2.68881
-2.63275
-2.58282
-2.53839
-2.49888
-2.46374
-2.43252
-2.40478
-2.38017
-2.35836
-2.3391
-2.32218
-2.30742
-2.29471
-2.28393
-2.27503
-2.26796
-2.26267
-2.25916
-2.25741
)
;
    }
    defaultFaces
    {
        type            empty;
    }
}


// ************************************************************************* //
