/*--------------------------------*- C++ -*----------------------------------*\
| =========                 |                                                 |
| \\      /  F ield         | OpenFOAM: The Open Source CFD Toolbox           |
|  \\    /   O peration     | Version:  5.x                                   |
|   \\  /    A nd           | Web:      www.OpenFOAM.org                      |
|    \\/     M anipulation  |                                                 |
\*---------------------------------------------------------------------------*/
FoamFile
{
    version     2.0;
    format      ascii;
    class       volScalarField;
    location    "3.4";
    object      T;
}
// * * * * * * * * * * * * * * * * * * * * * * * * * * * * * * * * * * * * * //

dimensions      [0 0 0 1 0 0 0];

internalField   nonuniform List<scalar> 
2048
(
9.85022
9.85087
9.85216
9.85409
9.85662
9.85971
9.86333
9.8674
9.87186
9.87664
9.88165
9.88681
9.89203
9.89724
9.90237
9.90737
9.91217
9.91676
9.92109
9.92516
9.92895
9.93247
9.93571
9.93869
9.94141
9.9439
9.94617
9.94824
9.95012
9.95182
9.95337
9.95478
9.95606
9.95722
9.95828
9.95923
9.9601
9.96089
9.9616
9.96224
9.96282
9.96334
9.96381
9.96423
9.9646
9.96494
9.96525
9.96552
9.96576
9.96598
9.96617
9.96635
9.9665
9.96664
9.96676
9.96687
9.96696
9.96704
9.96711
9.96717
9.96722
9.96725
9.96727
9.96728
9.55666
9.5586
9.56244
9.56815
9.57565
9.58484
9.59557
9.60768
9.62094
9.63513
9.65001
9.66532
9.68082
9.69628
9.7115
9.72631
9.74055
9.75413
9.76696
9.77899
9.7902
9.80058
9.81016
9.81895
9.827
9.83435
9.84105
9.84714
9.85268
9.85771
9.86228
9.86644
9.87021
9.87363
9.87674
9.87956
9.88212
9.88443
9.88653
9.88842
9.89012
9.89166
9.89304
9.89428
9.8954
9.89639
9.89729
9.89809
9.8988
9.89944
9.90002
9.90053
9.90098
9.90139
9.90175
9.90207
9.90235
9.90259
9.90279
9.90296
9.90309
9.9032
9.90326
9.9033
9.27448
9.27766
9.28398
9.29337
9.30571
9.32083
9.3385
9.35843
9.38029
9.40367
9.42818
9.45338
9.47888
9.5043
9.5293
9.55359
9.57694
9.59918
9.62017
9.63983
9.65814
9.67509
9.6907
9.70503
9.71813
9.73009
9.74098
9.75089
9.75989
9.76807
9.7755
9.78225
9.78838
9.79394
9.79899
9.80358
9.80773
9.8115
9.8149
9.81797
9.82075
9.82324
9.82549
9.8275
9.82931
9.83093
9.83238
9.83368
9.83484
9.83588
9.83681
9.83764
9.83838
9.83904
9.83962
9.84014
9.84059
9.84098
9.84132
9.84159
9.84181
9.84198
9.84209
9.84214
9.00245
9.00684
9.01558
9.02856
9.04565
9.0666
9.09111
9.11877
9.1491
9.18156
9.21556
9.25051
9.28584
9.32101
9.35556
9.38908
9.42127
9.45187
9.48072
9.50771
9.53281
9.55601
9.57736
9.59693
9.61482
9.63113
9.64598
9.65948
9.67174
9.68288
9.69299
9.70218
9.71052
9.7181
9.72498
9.73122
9.73688
9.74201
9.74665
9.75083
9.75461
9.758
9.76106
9.7638
9.76626
9.76846
9.77043
9.77219
9.77377
9.77518
9.77644
9.77757
9.77858
9.77948
9.78027
9.78098
9.78159
9.78213
9.78258
9.78296
9.78326
9.78348
9.78363
9.78371
8.73955
8.74512
8.75623
8.77275
8.79451
8.82124
8.85254
8.8879
8.92669
8.9682
9.01166
9.05629
9.10134
9.14613
9.19006
9.23262
9.27341
9.31212
9.34855
9.38258
9.41416
9.44332
9.47011
9.49464
9.51704
9.53744
9.556
9.57286
9.58817
9.60207
9.61469
9.62616
9.63657
9.64603
9.65462
9.66242
9.66949
9.67589
9.68167
9.6869
9.69161
9.69585
9.69966
9.70308
9.70614
9.70888
9.71133
9.71353
9.71549
9.71725
9.71882
9.72022
9.72148
9.7226
9.72359
9.72447
9.72524
9.72591
9.72648
9.72695
9.72733
9.72761
9.7278
9.72789
8.48492
8.49166
8.50509
8.5251
8.5515
8.58398
8.62207
8.66515
8.71244
8.76304
8.81599
8.87031
8.92507
8.97942
9.03261
9.08404
9.13323
9.17982
9.22357
9.26435
9.30212
9.33693
9.36887
9.39807
9.4247
9.44893
9.47095
9.49094
9.50908
9.52555
9.5405
9.55408
9.56642
9.57763
9.58782
9.59706
9.60544
9.61302
9.61989
9.62608
9.63166
9.63668
9.64119
9.64523
9.64885
9.65209
9.65499
9.65758
9.6599
9.66197
9.66383
9.66549
9.66697
9.6683
9.66947
9.67052
9.67143
9.67223
9.67291
9.67347
9.67392
9.67426
9.67448
9.67459
8.23787
8.24574
8.26145
8.2849
8.3159
8.35413
8.39904
8.44992
8.50581
8.56563
8.62817
8.69225
8.75674
8.82061
8.88299
8.94316
9.00057
9.05481
9.10562
9.15288
9.19656
9.23673
9.27352
9.3071
9.33768
9.36547
9.3907
9.41359
9.43435
9.45319
9.4703
9.48584
9.49996
9.51279
9.52444
9.53503
9.54462
9.55331
9.56117
9.56826
9.57465
9.58039
9.58554
9.59015
9.59429
9.59798
9.60129
9.60424
9.60688
9.60925
9.61136
9.61326
9.61495
9.61646
9.61781
9.61901
9.62006
9.62097
9.62175
9.6224
9.62292
9.62331
9.62357
9.6237
7.99783
8.0068
8.02473
8.05156
8.08713
8.13109
8.1829
8.24168
8.30634
8.37553
8.44783
8.52179
8.59607
8.66947
8.74098
8.80978
8.87525
8.93694
8.99457
9.04804
9.09733
9.14256
9.1839
9.22158
9.25583
9.28692
9.31511
9.34067
9.36384
9.38486
9.40394
9.42128
9.43704
9.45136
9.46438
9.47621
9.48693
9.49664
9.50541
9.51333
9.52046
9.52686
9.5326
9.53774
9.54234
9.54645
9.55012
9.55341
9.55634
9.55897
9.56132
9.56343
9.56531
9.567
9.56851
9.56984
9.57102
9.57204
9.57292
9.57365
9.57424
9.57468
9.57497
9.57512
7.76431
7.77435
7.79444
7.82457
7.86464
7.91436
7.97312
8.03996
8.11358
8.19238
8.27464
8.35865
8.44283
8.52579
8.60639
8.68372
8.75709
8.82602
8.89024
8.94963
9.00425
9.05425
9.09984
9.14132
9.17897
9.2131
9.24402
9.27201
9.29738
9.32038
9.34127
9.36025
9.37752
9.39322
9.4075
9.42046
9.43222
9.44287
9.45249
9.46117
9.46898
9.47598
9.48226
9.48788
9.4929
9.49738
9.50139
9.50497
9.50817
9.51104
9.5136
9.5159
9.51796
9.5198
9.52145
9.52292
9.52421
9.52534
9.52631
9.52712
9.52777
9.52826
9.52859
9.52875
7.53696
7.54801
7.57016
7.60349
7.648
7.70345
7.76925
7.84433
7.92717
8.01585
8.10833
8.20259
8.29679
8.38936
8.47903
8.56479
8.64591
8.72188
8.79243
8.85748
8.91712
8.97158
9.02114
9.06614
9.10691
9.14383
9.17722
9.20744
9.23479
9.2596
9.28213
9.30261
9.32125
9.33822
9.35365
9.36766
9.38038
9.39189
9.40229
9.41166
9.42009
9.42765
9.43441
9.44046
9.44586
9.45068
9.45498
9.45883
9.46226
9.46534
9.46809
9.47056
9.47278
9.47477
9.47655
9.47813
9.47954
9.48077
9.48183
9.48271
9.48342
9.48396
9.48432
9.48449
7.31547
7.32746
7.35155
7.38795
7.43678
7.49794
7.57087
7.6544
7.74675
7.84564
7.94864
8.05338
8.15774
8.25998
8.35869
8.45279
8.5415
8.62431
8.70094
8.77137
8.83574
8.89436
8.94758
8.99582
9.03945
9.0789
9.11454
9.14676
9.17591
9.20234
9.22635
9.24819
9.26809
9.28621
9.30269
9.31767
9.33126
9.34357
9.35468
9.36469
9.37369
9.38174
9.38895
9.39537
9.40111
9.40623
9.41079
9.41487
9.41852
9.42178
9.4247
9.42732
9.42968
9.4318
9.4337
9.4354
9.43691
9.43823
9.43937
9.44033
9.4411
9.44168
9.44207
9.44226
7.09962
7.11246
7.13835
7.17764
7.23065
7.29745
7.37758
7.4698
7.57201
7.6815
7.79535
7.91082
8.02551
8.13746
8.24518
8.34751
8.44366
8.5331
8.61557
8.69108
8.75988
8.82235
8.87895
8.93014
8.97638
9.01811
9.05578
9.08978
9.12054
9.14842
9.17376
9.19683
9.21787
9.23704
9.25449
9.27036
9.28475
9.29778
9.30955
9.32014
9.32965
9.33815
9.34575
9.35252
9.35855
9.36392
9.36872
9.37301
9.37683
9.38026
9.38333
9.38609
9.38857
9.3908
9.39282
9.39462
9.39623
9.39764
9.39886
9.39988
9.40071
9.40134
9.40175
9.40196
6.88925
6.90284
6.93034
6.97228
7.02926
7.10161
7.18902
7.29019
7.40267
7.52319
7.64828
7.77476
7.89991
8.02163
8.1383
8.24877
8.35219
8.44805
8.53609
8.61639
8.6893
8.75532
8.815
8.86888
8.91747
8.96126
9.00073
9.03632
9.0685
9.09766
9.12418
9.14837
9.17044
9.19057
9.20891
9.22559
9.24071
9.25441
9.26677
9.27789
9.28786
9.29677
9.30471
9.31178
9.31807
9.32367
9.32867
9.33313
9.33712
9.34069
9.34389
9.34676
9.34935
9.35169
9.35381
9.35571
9.3574
9.3589
9.3602
9.36129
9.36217
9.36284
9.36329
9.36351
6.68423
6.69846
6.72734
6.77167
6.83234
6.91008
7.00482
7.11524
7.23847
7.37051
7.50726
7.64503
7.78079
7.91229
8.03787
8.15634
8.26688
8.36894
8.46229
8.54707
8.62377
8.69303
8.7555
8.81181
8.86251
8.90813
8.94919
8.98619
9.0196
9.04988
9.07745
9.10263
9.12565
9.14666
9.16582
9.18323
9.19903
9.21332
9.22623
9.23783
9.24823
9.2575
9.26574
9.27306
9.27958
9.28537
9.29054
9.29516
9.29928
9.30297
9.30628
9.30926
9.31195
9.31438
9.31658
9.31857
9.32035
9.32193
9.3233
9.32446
9.3254
9.32611
9.32659
9.32683
6.48451
6.49923
6.52924
6.5756
6.63963
6.72253
6.82463
6.94464
7.07917
7.22331
7.37214
7.52149
7.66799
7.80926
7.94368
8.07002
8.18749
8.29556
8.39395
8.48288
8.56304
8.63523
8.70022
8.75869
8.81128
8.85853
8.90098
8.93919
8.97366
9.00491
9.0334
9.05948
9.08335
9.10517
9.12507
9.14316
9.15957
9.17442
9.18781
9.19986
9.21063
9.22022
9.22873
9.23627
9.24297
9.24893
9.25424
9.25899
9.26323
9.26702
9.27042
9.27349
9.27626
9.27877
9.28106
9.28313
9.285
9.28665
9.2881
9.28932
9.29032
9.29107
9.29158
9.29183
6.29004
6.3051
6.33593
6.38393
6.45089
6.53864
6.64808
6.77808
6.92458
7.08143
7.24282
7.40404
7.56137
7.71238
7.85552
7.98958
8.11381
8.22768
8.33084
8.42359
8.50686
8.58168
8.64891
8.70931
8.76356
8.81223
8.8559
8.89514
8.93051
8.96257
8.99186
9.01875
9.04341
9.06597
9.08655
9.10526
9.12222
9.13757
9.15142
9.16386
9.17498
9.18485
9.19358
9.2013
9.20816
9.21425
9.21969
9.22454
9.22887
9.23275
9.23624
9.23937
9.24221
9.2448
9.24716
9.24931
9.25126
9.25299
9.2545
9.25579
9.25684
9.25764
9.25817
9.25844
6.10082
6.11605
6.14738
6.19654
6.26592
6.35811
6.47482
6.61523
6.77451
6.94479
7.1192
7.29258
7.46078
7.62144
7.77319
7.9148
8.0456
8.1651
8.27276
8.36896
8.45497
8.53212
8.60133
8.66342
8.71915
8.76906
8.81376
8.85387
8.88997
8.9227
8.95268
8.9803
9.00568
9.02892
9.05013
9.06941
9.08687
9.10268
9.11694
9.12974
9.14117
9.15129
9.1602
9.16807
9.17505
9.18125
9.18678
9.19172
9.19614
9.20009
9.20363
9.20683
9.20972
9.21237
9.21481
9.21704
9.21905
9.22086
9.22244
9.2238
9.2249
9.22574
9.2263
9.22658
5.91688
5.93209
5.96355
6.01335
6.08453
6.18063
6.30445
6.45578
6.62884
6.81331
7.00119
7.18701
7.36609
7.53625
7.69648
7.84543
7.98261
8.10761
8.21949
8.31874
8.40712
8.48632
8.55724
8.62082
8.67785
8.72882
8.77438
8.81522
8.85189
8.88512
8.91568
8.94399
8.97004
8.99391
9.01571
9.03549
9.05341
9.06964
9.08427
9.0974
9.10912
9.11945
9.12851
9.13648
9.14355
9.14984
9.15545
9.16047
9.16494
9.16895
9.17255
9.17578
9.17872
9.18143
9.18393
9.18623
9.18832
9.1902
9.19185
9.19327
9.19443
9.19531
9.1959
9.19619
5.73823
5.75323
5.78444
5.83431
5.90657
6.0059
6.13657
6.29938
6.48748
6.68696
6.88872
7.0873
7.27717
7.45658
7.62517
7.78123
7.9246
8.05502
8.17084
8.27269
8.36304
8.44402
8.51643
8.58127
8.63946
8.69134
8.7376
8.77902
8.8161
8.84969
8.88073
8.90968
8.93637
8.96082
8.98317
9.00342
9.02174
9.03835
9.05331
9.06674
9.07873
9.08925
9.09841
9.10645
9.1136
9.11995
9.12561
9.13069
9.13522
9.13926
9.1429
9.14616
9.14913
9.15188
9.15446
9.15682
9.15898
9.16093
9.16265
9.16413
9.16536
9.16629
9.1669
9.1672
5.56492
5.57953
5.61008
5.6594
5.73193
5.83363
5.97071
6.14564
6.35043
6.56577
6.7817
6.99338
7.19387
7.3822
7.55905
7.72195
7.87126
8.00714
8.12664
8.23056
8.32244
8.40499
8.47866
8.54456
8.6038
8.65643
8.70323
8.74513
8.78247
8.81625
8.84767
8.87726
8.90455
8.92954
8.95242
8.97307
8.99175
9.00872
9.02397
9.03767
9.04994
9.06061
9.06983
9.0779
9.0851
9.09149
9.09719
9.10232
9.10688
9.11096
9.11462
9.1179
9.12089
9.12368
9.12632
9.12875
9.13098
9.133
9.13478
9.13633
9.13762
9.1386
9.13923
9.13954
5.39698
5.41101
5.44052
5.48864
5.56051
5.66355
5.80639
5.99412
6.21777
6.4498
6.68001
6.90527
7.11605
7.31281
7.49795
7.66732
7.8223
7.96385
8.08673
8.19211
8.28504
8.36903
8.44373
8.51048
8.57071
8.62394
8.67112
8.71342
8.75087
8.78463
8.81634
8.84662
8.87449
8.89996
8.92335
8.94437
8.96333
8.98065
8.99616
9.01011
9.02265
9.03346
9.04268
9.05075
9.05798
9.06439
9.07011
9.07528
9.07987
9.08396
9.08765
9.09094
9.09392
9.09675
9.09946
9.10196
9.10424
9.10634
9.10819
9.1098
9.11116
9.11218
9.11284
9.11316
5.23445
5.24772
5.2758
5.32206
5.39229
5.49542
5.64305
5.84426
6.08976
6.33916
6.58346
6.82303
7.04358
7.24807
7.4417
7.61707
7.77735
7.92504
8.051
8.15706
8.25051
8.33594
8.41144
8.4788
8.54005
8.59372
8.64109
8.68378
8.72117
8.75469
8.78658
8.81767
8.84608
8.87197
8.89591
8.91722
8.93641
8.95407
8.9698
8.98396
8.99681
9.00773
9.01689
9.02491
9.03217
9.03858
9.04431
9.04953
9.05413
9.05822
9.06193
9.06521
9.06817
9.07102
9.07381
9.07638
9.07872
9.08089
9.0828
9.08447
9.08591
9.08698
9.08766
9.08798
5.07735
5.08971
5.11599
5.15973
5.22726
5.329
5.48008
5.69535
5.96687
6.234
6.49173
6.74679
6.97631
7.18754
7.39023
7.57093
7.73596
7.89067
8.01936
8.12516
8.21852
8.30556
8.38159
8.44928
8.5117
8.56562
8.61299
8.65612
8.69326
8.72627
8.75825
8.79033
8.81925
8.84546
8.87
8.89153
8.91086
8.92891
8.9448
8.95913
8.97236
8.98335
8.99239
9.0003
9.00761
9.014
9.01971
9.02499
9.02959
9.03366
9.03741
9.04066
9.04358
9.04644
9.04933
9.05195
9.05435
9.0566
9.05856
9.0603
9.06183
9.06295
9.06364
9.06396
4.9257
4.937
4.96116
5.00176
5.0655
5.16417
5.31682
5.54646
5.84985
6.13453
6.40432
6.67684
6.91411
7.13064
7.34356
7.52863
7.69759
7.86083
7.99175
8.09609
8.18867
8.27778
8.35403
8.42167
8.48558
8.53952
8.58661
8.63037
8.66706
8.69923
8.73115
8.76456
8.79391
8.82031
8.84559
8.86723
8.88659
8.90511
8.92109
8.93552
8.94925
8.96029
8.9691
8.97686
8.98425
8.99059
8.99625
9.00162
9.00619
9.01023
9.01402
9.01723
9.02008
9.02294
9.02596
9.02864
9.03107
9.03342
9.03542
9.03721
9.03887
9.04003
9.04073
9.04104
4.77948
4.78961
4.81135
4.84825
4.90712
5.00084
5.15257
5.39628
5.73994
6.04099
6.32046
6.61368
6.85682
7.07662
7.30188
7.48989
7.6615
7.83572
7.96817
8.06955
8.1605
8.25259
8.32858
8.39567
8.46167
8.51529
8.56174
8.60651
8.6425
8.67341
8.70508
8.74036
8.77001
8.79639
8.82264
8.84425
8.86348
8.88263
8.89859
8.91303
8.92745
8.93847
8.94695
8.95449
8.96202
8.96828
8.97386
8.97936
8.98389
8.98786
8.99173
8.99488
8.99761
9.00046
9.00367
9.00638
9.00883
9.0113
9.01333
9.01516
9.01697
9.01818
9.01886
9.01917
4.63868
4.64754
4.66664
4.69933
4.75231
4.83905
4.9866
5.24301
5.63896
5.95363
6.23893
6.55813
6.80431
7.02444
7.26563
7.45443
7.62674
7.81575
7.94863
8.04518
8.13345
8.23007
8.30512
8.37093
8.44001
8.49283
8.53814
8.58454
8.61951
8.64865
8.67982
8.71777
8.74747
8.77354
8.80115
8.82252
8.84139
8.86146
8.87723
8.89153
8.90694
8.91787
8.92587
8.93312
8.9409
8.94703
8.95246
8.95818
8.96262
8.96649
8.9705
8.97355
8.97613
8.97894
8.9824
8.98513
8.98757
8.9902
8.99224
8.99409
8.99609
8.99734
8.99801
8.99829
4.50326
4.51078
4.52706
4.55513
4.60128
4.67895
4.81828
5.08411
5.54958
5.8727
6.15798
6.51147
6.75639
6.97269
7.23561
7.42199
7.59203
7.80162
7.93316
8.02262
8.10686
8.21044
8.28351
8.34698
8.42074
8.47202
8.51547
8.56456
8.59805
8.6248
8.65507
8.69691
8.72625
8.75157
8.78116
8.80197
8.82018
8.84159
8.85695
8.87089
8.88773
8.89843
8.90579
8.91263
8.92087
8.92677
8.93198
8.93806
8.94234
8.94605
8.95029
8.95321
8.95558
8.95832
8.96215
8.96485
8.96723
8.97008
8.9721
8.97394
8.97621
8.97748
8.9781
8.97836
4.37316
4.3793
4.39264
4.41577
4.4543
4.52088
4.64708
4.91602
5.47562
5.79836
6.07505
6.47563
6.71289
6.91943
7.21309
7.39229
7.55565
7.79442
7.92178
8.00147
8.07987
8.19414
8.26363
8.32325
8.40414
8.45276
8.49335
8.54672
8.57808
8.60172
8.63047
8.67798
8.7063
8.73021
8.76276
8.78253
8.79965
8.8231
8.83767
8.85093
8.86986
8.88013
8.88663
8.89295
8.9019
8.90747
8.91234
8.91896
8.92301
8.92647
8.93108
8.93381
8.93591
8.93852
8.94287
8.94549
8.94775
8.95092
8.95286
8.95464
8.95728
8.95855
8.95911
8.95933
4.24829
4.25304
4.26336
4.28137
4.31169
4.36531
4.47283
4.73379
5.42241
5.73068
5.9866
6.45343
6.67356
6.86207
7.20002
7.36507
7.51529
7.79578
7.91442
7.98135
8.05141
8.18188
8.24536
8.299
8.39066
8.43494
8.47126
8.53129
8.55956
8.57928
8.60557
8.6613
8.68754
8.70916
8.74612
8.76415
8.77955
8.80608
8.81935
8.83142
8.85343
8.86291
8.86834
8.87393
8.88403
8.88907
8.89343
8.9009
8.90458
8.90767
8.91286
8.91532
8.91707
8.91946
8.92458
8.92701
8.92907
8.9327
8.93448
8.93614
8.93929
8.9405
8.94098
8.94116
4.12857
4.13192
4.13923
4.15202
4.17374
4.2129
4.29582
4.53063
5.39724
5.6695
5.88776
6.44889
6.63809
6.79711
7.19921
7.34004
7.4679
7.80802
7.91089
7.9619
8.02013
8.17468
8.22855
8.27324
8.38097
8.41845
8.44854
8.51869
8.54243
8.55738
8.57978
8.64735
8.66993
8.68801
8.73149
8.74675
8.75958
8.7907
8.80191
8.81211
8.83856
8.84672
8.85085
8.85545
8.86728
8.87153
8.87515
8.8839
8.88699
8.88956
8.89562
8.89769
8.89902
8.90106
8.90728
8.90937
8.9111
8.9154
8.91693
8.91834
8.92223
8.92331
8.92367
8.92381
4.01387
4.01585
4.02018
4.02778
4.04074
4.06445
4.11716
4.29729
5.40992
5.61434
5.77204
6.46755
6.60605
6.71997
7.21459
7.31691
7.40945
7.8344
7.91072
7.94286
7.98425
8.17403
8.21305
8.24472
8.37606
8.40313
8.42434
8.50952
8.52661
8.53598
8.55233
8.6368
8.65337
8.66621
8.71925
8.73028
8.73937
8.77724
8.78531
8.79264
8.82549
8.8315
8.83409
8.83734
8.85175
8.8548
8.85736
8.86799
8.87022
8.87203
8.8794
8.88088
8.88172
8.88321
8.891
8.89253
8.89377
8.89905
8.90015
8.90119
8.9061
8.90691
8.90715
8.90723
3.90408
3.90473
3.90616
3.90867
3.91296
3.92086
3.93912
4.02143
5.47339
5.56424
5.63098
6.51687
6.5768
6.62469
7.25149
7.29535
7.33478
7.87934
7.91307
7.92413
7.94157
8.18193
8.19865
8.21182
8.37726
8.38883
8.39759
8.50461
8.51191
8.51513
8.52223
8.63055
8.63776
8.6431
8.70993
8.71464
8.71842
8.76605
8.76948
8.77258
8.81451
8.81715
8.81804
8.8194
8.83754
8.83884
8.8399
8.85326
8.85421
8.85496
8.86422
8.86486
8.86514
8.86579
8.87579
8.87646
8.87697
8.88365
8.88412
8.88457
8.89091
8.89128
8.89136
8.89138
)
;

boundaryField
{
    left
    {
        type            zeroGradient;
    }
    right
    {
        type            zeroGradient;
    }
    interface
    {
        type            fixedValue;
        value           nonuniform List<scalar> 
64
(
3.8504
3.8504
3.8504
3.8504
3.8504
3.8504
3.8504
3.8504
5.54038
5.54038
5.54038
6.56282
6.56282
6.56282
7.28493
7.28493
7.28493
7.91481
7.91481
7.91481
7.91481
8.19171
8.19171
8.19171
8.38192
8.38192
8.38192
8.50484
8.50484
8.50484
8.50484
8.63018
8.63018
8.63018
8.70702
8.70702
8.70702
8.76176
8.76176
8.76176
8.81019
8.81019
8.81019
8.81019
8.83105
8.83105
8.83105
8.8464
8.8464
8.8464
8.85704
8.85704
8.85704
8.85704
8.86861
8.86861
8.86861
8.87629
8.87629
8.87629
8.88364
8.88364
8.88364
8.88364
)
;
    }
    bottom
    {
        type            fixedValue;
        value           uniform 10;
    }
    defaultFaces
    {
        type            empty;
    }
}


// ************************************************************************* //
