/*--------------------------------*- C++ -*----------------------------------*\
| =========                 |                                                 |
| \\      /  F ield         | OpenFOAM: The Open Source CFD Toolbox           |
|  \\    /   O peration     | Version:  5.x                                   |
|   \\  /    A nd           | Web:      www.OpenFOAM.org                      |
|    \\/     M anipulation  |                                                 |
\*---------------------------------------------------------------------------*/
FoamFile
{
    version     2.0;
    format      ascii;
    class       volScalarField;
    location    "5.4";
    object      gradTx;
}
// * * * * * * * * * * * * * * * * * * * * * * * * * * * * * * * * * * * * * //

dimensions      [0 -1 0 1 0 0 0];

internalField   nonuniform List<scalar> 
2048
(
0.0219074
0.0654753
0.108282
0.14975
0.189226
0.225985
0.259272
0.288363
0.31264
0.331658
0.34519
0.353244
0.356051
0.354029
0.347736
0.33782
0.324969
0.309876
0.293199
0.275539
0.257423
0.239292
0.221499
0.204313
0.187928
0.172471
0.158016
0.144589
0.132183
0.120761
0.110267
0.100632
0.0917842
0.083649
0.0761586
0.0692526
0.0628794
0.0569958
0.0515666
0.0465632
0.041962
0.0377431
0.0338884
0.0303805
0.0272017
0.0243326
0.0217526
0.0194394
0.0173695
0.0155184
0.0138613
0.012373
0.011029
0.0098056
0.00868041
0.00763305
0.00664543
0.00570206
0.00479019
0.00389971
0.003023
0.00215463
0.00129101
0.000430026
0.0649684
0.194193
0.321216
0.44435
0.56165
0.670945
0.769947
0.856459
0.928597
0.985007
1.025
1.04862
1.05658
1.05014
1.031
1.00111
0.962552
0.917387
0.867587
0.814945
0.761025
0.707132
0.654308
0.603343
0.554798
0.509044
0.466286
0.4266
0.389954
0.356234
0.325267
0.296847
0.27075
0.246756
0.224662
0.204289
0.185484
0.168119
0.152093
0.137321
0.123735
0.111278
0.0998963
0.089541
0.0801592
0.0716945
0.0640856
0.0572667
0.0511677
0.0457161
0.0408378
0.0364584
0.0325049
0.0289066
0.0255971
0.0225158
0.019609
0.0168307
0.0141432
0.011517
0.00892969
0.0063655
0.0038142
0.0012704
0.106684
0.318948
0.527779
0.730477
0.923844
1.10423
1.26774
1.41058
1.52951
1.6222
1.68748
1.72544
1.73735
1.72541
1.69251
1.64196
1.57725
1.50184
1.41901
1.33173
1.24258
1.15371
1.06679
0.983092
0.903516
0.828632
0.758755
0.693982
0.634241
0.579328
0.528942
0.482725
0.440299
0.401294
0.365372
0.332236
0.301638
0.273372
0.247275
0.223213
0.201079
0.180783
0.162242
0.145378
0.130107
0.116338
0.10397
0.092895
0.082998
0.0741593
0.0662568
0.0591682
0.0527725
0.0469534
0.0416011
0.0366155
0.031908
0.0274035
0.0230405
0.0187712
0.01456
0.010382
0.00622146
0.00207199
0.147335
0.440621
0.729553
1.01055
1.27918
1.53024
1.75805
1.95702
2.12231
2.25048
2.33987
2.39069
2.40486
2.38565
2.3373
2.26458
2.17247
2.06587
1.94939
1.82721
1.7029
1.5794
1.459
1.34339
1.23374
1.13079
1.03491
0.946192
0.864509
0.789538
0.720828
0.657856
0.600071
0.546945
0.498003
0.452834
0.4111
0.372524
0.336888
0.304017
0.273771
0.246034
0.220702
0.197672
0.176832
0.158059
0.141216
0.12615
0.112704
0.100711
0.090001
0.0804049
0.0717546
0.0638877
0.0566512
0.0499056
0.0435283
0.0374154
0.0314833
0.025667
0.0199198
0.0142101
0.00851715
0.00283638
0.187079
0.559727
0.927527
1.28618
1.63009
1.95233
2.24517
2.50086
2.71266
2.87582
2.98814
3.05003
3.06428
3.03545
2.96931
2.87224
2.75082
2.61147
2.4602
2.30238
2.14258
1.98452
1.83103
1.68417
1.5453
1.41526
1.29445
1.18293
1.08047
0.986598
0.900699
0.82205
0.749912
0.683584
0.62245
0.565989
0.513779
0.465484
0.420836
0.379628
0.341698
0.306912
0.27515
0.246294
0.220207
0.196737
0.175707
0.156927
0.140191
0.125288
0.112002
0.100114
0.0894104
0.079682
0.070732
0.0623811
0.0544724
0.0468745
0.0394824
0.0322163
0.0250201
0.0178583
0.010707
0.00356561
0.225954
0.67643
1.12213
1.5583
1.97818
2.37298
2.73248
3.04629
3.30532
3.50323
3.63722
3.7081
3.71978
3.67843
3.59158
3.46742
3.31426
3.14012
2.95246
2.7579
2.56203
2.36929
2.18298
2.00542
1.83812
1.68195
1.53728
1.40409
1.28201
1.17044
1.06851
0.975303
0.889843
0.811248
0.738755
0.67174
0.609708
0.55227
0.499124
0.45004
0.404838
0.363379
0.325539
0.291187
0.260172
0.23231
0.207389
0.185175
0.165417
0.147856
0.132231
0.118276
0.105729
0.0943346
0.0838498
0.0740545
0.0647573
0.0557999
0.0470574
0.0384371
0.0298761
0.0213383
0.0127982
0.00426203
0.263882
0.790554
1.31327
1.82714
2.32431
2.79389
3.22266
3.59685
3.9044
4.13701
4.29129
4.3687
4.37467
4.31735
4.20636
4.05192
3.86416
3.65281
3.42685
3.19421
2.9615
2.73383
2.51491
2.30721
2.11226
1.93091
1.76343
1.60969
1.46921
1.34113
1.22439
1.11776
1.02003
0.930106
0.847081
0.770235
0.699015
0.632994
0.571844
0.51532
0.463238
0.415464
0.371879
0.332354
0.296722
0.264773
0.236255
0.210888
0.188375
0.168413
0.150691
0.134898
0.120724
0.107865
0.0960285
0.0849531
0.0744119
0.06422
0.0542348
0.0443527
0.0345065
0.0246635
0.0147986
0.00492828
0.300672
0.901601
1.50034
2.09229
2.66866
3.21614
3.7178
4.15556
4.51352
4.78097
4.95395
5.03498
5.03155
4.95429
4.81529
4.62697
4.40143
4.15016
3.88373
3.61148
3.34105
3.07821
2.8269
2.58963
2.36786
2.16227
1.97304
1.79991
1.64221
1.49889
1.36856
1.24969
1.14075
1.04043
0.947685
0.861706
0.781906
0.707834
0.639149
0.575598
0.517004
0.463246
0.41423
0.369838
0.329893
0.294156
0.262333
0.234095
0.209097
0.186986
0.167409
0.150009
0.134427
0.120307
0.107306
0.095116
0.0834743
0.0721707
0.0610463
0.0499896
0.0389324
0.0278488
0.0167171
0.00556707
0.336031
1.00876
1.68224
2.35273
3.01073
3.64018
4.21955
4.72514
5.13603
5.43854
5.6283
5.70947
5.69235
5.59068
5.41941
5.19334
4.9266
4.63246
4.32321
4.0097
3.70067
3.40243
3.11904
2.85287
2.60512
2.37628
2.16637
1.97499
1.8013
1.644
1.50137
1.37146
1.25239
1.14259
1.0409
0.946449
0.858641
0.777021
0.701243
0.631051
0.56628
0.506843
0.452685
0.403715
0.359753
0.320524
0.285685
0.254854
0.227634
0.203625
0.182433
0.163655
0.146884
0.131709
0.117731
0.104591
0.0919901
0.0796929
0.0675275
0.0553774
0.0431762
0.03091
0.0185623
0.00618107
0.369566
1.11093
1.8574
2.60684
3.34939
4.06594
4.72919
5.30812
5.77516
6.11296
6.31709
6.39422
6.35845
6.2274
6.01927
5.75139
5.43988
5.09979
4.74521
4.3887
4.0402
3.70647
3.39145
3.09714
2.82436
2.57329
2.34377
2.13526
1.94681
1.77685
1.62324
1.48352
1.35539
1.23702
1.12711
1.0248
0.929522
0.840824
0.758366
0.681889
0.611246
0.546399
0.487362
0.434087
0.386393
0.343963
0.306395
0.273245
0.24406
0.218398
0.195821
0.17589
0.158149
0.142127
0.127359
0.113433
0.10001
0.0868313
0.0737163
0.0605468
0.047261
0.0338624
0.0203428
0.00677269
0.4008
1.20675
2.02379
2.85239
3.68285
4.4928
5.24774
5.90698
6.43413
6.80733
7.02272
7.09078
7.03066
6.86479
6.61501
6.30118
5.94129
5.55205
5.14947
4.74817
4.35944
3.9903
3.64429
3.32278
3.02599
2.75372
2.50563
2.28112
2.07912
1.89784
1.73464
1.58641
1.45029
1.32419
1.20675
1.09714
0.99487
0.899533
0.810781
0.728349
0.652104
0.582078
0.518391
0.461067
0.40992
0.364579
0.324565
0.289364
0.258465
0.231382
0.207645
0.18678
0.168285
0.151623
0.136255
0.121702
0.107587
0.0936328
0.0796519
0.065529
0.0512097
0.036721
0.0220661
0.00734387
0.429186
1.29463
2.17901
3.08657
4.00868
4.91958
5.77598
6.52434
7.11635
7.52472
7.74733
7.80024
7.70924
7.50269
7.20636
6.84251
6.43071
5.98904
5.53563
5.08768
4.65809
4.2539
3.8778
3.53021
3.21053
2.9181
2.65246
2.41299
2.19865
2.00744
1.83612
1.6807
1.53766
1.40463
1.28025
1.16384
1.05502
0.95345
0.858768
0.770687
0.689074
0.614055
0.545913
0.484779
0.430456
0.38249
0.340313
0.303322
0.270948
0.242666
0.21798
0.196391
0.177357
0.160267
0.144485
0.129461
0.114777
0.100145
0.0853731
0.0703551
0.0550448
0.0394994
0.0237383
0.00789589
0.454129
1.37282
2.32028
3.30601
4.32372
5.34457
6.31453
7.16305
7.82553
8.26817
8.49273
8.52319
8.39389
8.14046
7.79275
7.37501
6.90797
6.41056
5.90322
5.40667
4.93584
4.4973
4.0923
3.71993
3.37857
3.06701
2.78477
2.53134
2.3058
2.1061
1.92826
1.76705
1.61811
1.47888
1.34809
1.22527
1.1103
1.00288
0.902619
0.809176
0.722389
0.642507
0.570065
0.505348
0.448127
0.397828
0.353767
0.315242
0.281618
0.252344
0.226904
0.204789
0.185429
0.168126
0.152121
0.136773
0.121637
0.106413
0.0909175
0.0750552
0.0587877
0.0422094
0.0253636
0.00842908
0.475016
1.43946
2.44455
3.50681
4.62411
5.76536
6.86387
7.82644
8.56587
9.0408
9.26043
9.25969
9.08372
8.777
8.37329
7.89817
7.37295
6.81647
6.25169
5.70444
5.19231
4.72059
4.28818
3.8926
3.53084
3.20112
2.90316
2.63663
2.40096
2.19428
2.01166
1.84616
1.69231
1.5475
1.4107
1.28181
1.16104
1.04813
0.942626
0.844101
0.752297
0.667613
0.590976
0.522899
0.463068
0.410732
0.365067
0.325254
0.29059
0.260512
0.234497
0.212041
0.192566
0.175273
0.159235
0.143706
0.12822
0.112483
0.0963206
0.0796584
0.0624587
0.0448607
0.0269434
0.00894255
0.491242
1.49268
2.54861
3.68458
4.90518
6.1788
7.42435
8.51853
9.34224
9.84565
10.0516
10.0093
9.77719
9.4108
8.94693
8.4114
7.82569
7.20677
6.5804
5.98012
5.42712
4.92394
4.46599
4.04897
3.66818
3.32117
3.00824
2.72935
2.48447
2.27238
2.087
1.9188
1.76093
1.61105
1.46854
1.33378
1.20752
1.0895
0.979081
0.875762
0.779057
0.689541
0.60876
0.53755
0.475417
0.421345
0.374359
0.333496
0.297983
0.267272
0.240836
0.218202
0.198825
0.181782
0.165906
0.150323
0.13458
0.118396
0.101614
0.0841923
0.0660777
0.0474597
0.0284756
0.00943381
0.502251
1.53069
2.62919
3.83457
5.16143
6.58079
7.99612
9.24431
10.1604
10.6857
10.8668
10.7711
10.4721
10.0399
9.51242
8.91407
8.26649
7.58178
6.88857
6.23257
5.63989
5.10772
4.62635
4.18995
3.79152
3.42791
3.10069
2.80998
2.55657
2.34076
2.15499
1.98583
1.82467
1.67008
1.52202
1.38147
1.25002
1.12725
1.01227
0.904478
0.802948
0.708446
0.623504
0.549413
0.48532
0.429817
0.381796
0.340111
0.303916
0.272724
0.245997
0.223323
0.204258
0.187729
0.172214
0.156687
0.140767
0.12419
0.106826
0.0886837
0.0696649
0.05001
0.0299532
0.00989841
0.507568
1.55191
2.68315
3.95172
5.38648
6.96608
8.57904
10.0102
11.0273
11.5634
11.7062
11.5434
11.1654
10.6622
10.0685
9.40541
8.69605
7.94224
7.17523
6.46028
5.83028
5.27249
4.76998
4.31657
3.90196
3.52212
3.18121
2.87902
2.61741
2.39966
2.21642
2.04821
1.8842
1.72513
1.57154
1.42512
1.2888
1.16168
1.04244
0.930585
0.824276
0.724457
0.635258
0.558596
0.492932
0.436301
0.387538
0.345248
0.308506
0.27697
0.250055
0.227438
0.208903
0.193195
0.178249
0.162857
0.146824
0.1299
0.111977
0.0931586
0.0732424
0.052511
0.0313633
0.0103294
0.50684
1.55502
2.7076
4.03088
5.57305
7.32791
9.17243
10.8244
11.9515
12.4804
12.5694
12.3246
11.8532
11.2751
10.614
9.88442
9.11562
8.28954
7.43907
6.66126
5.99806
5.41912
4.89762
4.42998
4.00069
3.60451
3.25057
2.93702
2.66691
2.44916
2.2722
2.10703
1.94016
1.77669
1.61748
1.46487
1.32405
1.19305
1.06985
0.954456
0.843389
0.737669
0.644018
0.565204
0.498424
0.440944
0.391747
0.349063
0.311865
0.280117
0.253084
0.230563
0.212786
0.198269
0.184108
0.168883
0.152792
0.135556
0.117079
0.0976439
0.0768363
0.0549573
0.0326856
0.0107168
0.499857
1.53913
2.70013
4.06698
5.71303
7.6577
9.7747
11.6979
12.9433
13.437
13.4552
13.1126
12.5301
11.8763
11.148
10.3496
9.52721
8.62607
7.67824
6.83272
6.14328
5.54897
5.00996
4.5315
4.08912
3.67568
3.30958
2.98464
2.7048
2.48912
2.32341
2.1636
1.99307
1.82522
1.66022
1.50074
1.356
1.22163
1.09464
0.976502
0.860702
0.748121
0.649713
0.569346
0.501994
0.443887
0.394593
0.351719
0.31409
0.282271
0.255164
0.232693
0.215908
0.203056
0.189901
0.1748
0.158707
0.141187
0.122133
0.102168
0.0804809
0.0573377
0.0338902
0.0110473
0.486584
1.50383
2.65897
4.05532
5.79752
7.94456
10.3827
12.6453
14.0162
14.4303
14.3618
13.9058
13.1893
12.4635
11.6703
10.7983
9.93382
8.95561
7.89004
6.97087
6.26643
5.66399
5.10737
4.62262
4.16891
3.73591
3.35922
3.02273
2.73042
2.51908
2.37141
2.21946
2.04322
1.87117
1.70018
1.53262
1.38484
1.24775
1.1169
0.997197
0.876725
0.755774
0.652176
0.571156
0.503878
0.445243
0.396252
0.35339
0.315256
0.283551
0.256386
0.233788
0.218243
0.207682
0.195763
0.180622
0.164599
0.146824
0.127117
0.106765
0.0842229
0.0596322
0.0349357
0.0113035
0.467165
1.44923
2.58315
3.99186
5.81712
8.17486
10.9906
13.6861
15.1867
15.4531
15.2875
14.7038
13.821
13.0352
12.1817
11.2264
10.3399
9.28395
8.07044
7.07053
6.36878
5.76707
5.18966
4.70506
4.24209
3.785
3.40062
3.05247
2.74269
2.53811
2.41796
2.27657
2.09055
1.91496
1.73788
1.56012
1.4108
1.27178
1.13649
1.01711
0.892122
0.760469
0.651117
0.570808
0.504373
0.445081
0.396911
0.354272
0.315398
0.284086
0.256864
0.233766
0.219721
0.212311
0.201854
0.186321
0.1705
0.152502
0.131985
0.111474
0.0881292
0.0618092
0.0357673
0.0114642
0.441928
1.37603
2.47267
3.87355
5.76225
8.33176
11.5886
14.8466
16.4768
16.491
16.2305
15.5081
14.4118
13.5912
12.6848
11.6262
10.7516
9.61972
8.21344
7.1246
6.45282
5.86228
5.25553
4.78092
4.31125
3.8219
3.4352
3.07561
2.73987
2.54464
2.46543
2.33735
2.13436
1.95704
1.77403
1.58249
1.4342
1.29424
1.15303
1.03692
0.907768
0.761876
0.646088
0.568557
0.503859
0.443387
0.396775
0.354595
0.314486
0.284031
0.256751
0.232491
0.220216
0.217156
0.208381
0.191809
0.176445
0.158277
0.136644
0.116351
0.0922954
0.0638195
0.0363145
0.0115043
0.41137
1.2855
2.32858
3.69873
5.62372
8.39487
12.1603
16.1622
17.9148
17.5182
17.1906
16.3246
14.9418
14.1338
13.1852
11.9852
11.1778
9.97552
8.31004
7.12357
6.52292
5.95538
5.30181
4.85285
4.37988
3.8442
3.46485
3.09473
2.71943
2.53622
2.517
2.40495
2.17302
1.99801
1.80967
1.59842
1.45553
1.31589
1.16568
1.05752
0.924847
0.759416
0.636443
0.564783
0.502832
0.440015
0.396083
0.354641
0.312394
0.283576
0.256261
0.229755
0.219525
0.222511
0.215607
0.196904
0.182486
0.164234
0.140936
0.12147
0.0968587
0.065587
0.0364899
0.0113959
0.376133
1.1794
2.15299
3.46737
5.39343
8.34025
12.6797
17.6803
19.5383
18.4925
18.171
17.1652
15.3822
14.669
13.6927
12.2832
11.6311
10.3693
8.34705
7.05487
6.58614
6.05436
5.32241
4.92441
4.45276
3.84746
3.49214
3.11361
2.67767
2.5092
2.57705
2.48346
2.20341
2.03874
1.84639
1.60576
1.47556
1.3378
1.17291
1.08005
0.944967
0.752155
0.621286
0.56005
0.501949
0.434608
0.395133
0.354778
0.30884
0.282964
0.255699
0.225256
0.217335
0.228774
0.223882
0.201278
0.188708
0.170509
0.144603
0.12694
0.102013
0.0669962
0.0361887
0.0111095
0.336972
1.05993
1.94907
3.18143
5.06531
8.14077
13.1064
19.4643
21.398
19.3476
19.1808
18.0512
15.6902
15.2086
14.2238
12.488
12.129
10.8263
8.30524
6.9021
6.65325
6.17018
5.30681
5.00064
4.53658
3.82415
3.5207
3.13773
2.60946
2.45839
2.65154
2.57825
2.22028
2.08062
1.88662
1.60109
1.4955
1.36163
1.17222
1.10605
0.970312
0.738663
0.59943
0.555194
0.502082
0.42649
0.394316
0.355498
0.303319
0.282525
0.255498
0.21857
0.213194
0.236489
0.233667
0.204399
0.195256
0.177319
0.147247
0.132917
0.10803
0.0678727
0.0352907
0.0106169
0.294714
0.929632
1.72091
2.84499
4.63634
7.76726
13.3799
21.598
23.5614
19.9832
20.2397
19.0175
15.803
15.7732
14.8043
12.5508
12.6963
11.3811
8.15719
6.64441
6.74008
6.31772
5.23801
5.08881
4.64075
3.76232
3.55571
3.17484
2.50777
2.37651
2.74854
2.69643
2.2153
2.12592
1.93394
1.57924
1.51732
1.38979
1.15964
1.13765
1.00382
0.716826
0.569345
0.551407
0.504382
0.414529
0.394176
0.357478
0.295006
0.282705
0.256263
0.209125
0.206462
0.246391
0.245581
0.205435
0.202371
0.185
0.148261
0.139632
0.11528
0.0679569
0.0336647
0.0098938
0.250218
0.791207
1.47333
2.46424
4.10771
7.19065
13.4111
24.1914
26.1203
20.2519
21.3829
20.1176
15.6293
16.3961
15.4731
12.3987
13.368
12.0803
7.86433
6.2558
6.86891
6.51692
5.08995
5.19955
4.77842
3.6438
3.6046
3.23564
2.36316
2.25372
2.87881
2.84738
2.1759
2.17832
1.99357
1.53246
1.54398
1.42579
1.12921
1.17776
1.0494
0.68361
0.529122
0.550358
0.510368
0.396947
0.395487
0.36165
0.282621
0.284126
0.258826
0.196159
0.196258
0.259461
0.260453
0.203146
0.210442
0.194052
0.146753
0.147424
0.124262
0.066869
0.031178
0.00892467
0.204331
0.647426
1.21163
2.04737
3.48582
6.38559
13.0723
27.3869
29.1976
19.943
22.6699
21.4302
15.0384
17.1285
16.2865
11.9263
14.1929
12.9858
7.37347
5.70456
7.07014
6.79433
4.82414
5.34837
4.96776
3.4419
3.67802
3.33448
2.16319
2.07692
3.05645
3.04347
2.08373
2.24357
2.07293
1.44952
1.57996
1.47464
1.0722
1.23042
1.11219
0.634763
0.476452
0.554305
0.522028
0.371082
0.399356
0.369292
0.264266
0.28765
0.264298
0.178685
0.181398
0.276988
0.279387
0.195732
0.220077
0.205201
0.14144
0.156784
0.135636
0.0640634
0.0277118
0.0077066
0.157859
0.500979
0.941317
1.60416
2.7831
5.33577
12.1844
31.3672
32.9584
18.7619
24.1939
23.0664
13.8462
18.0456
17.3245
10.9846
15.2385
14.1773
6.61254
4.95308
7.38392
7.18488
4.38553
5.55758
5.23348
3.11856
3.79109
3.4902
1.89175
1.82906
3.29971
3.30099
1.91283
2.33041
2.1823
1.31447
1.63181
1.54331
0.976243
1.30121
1.19879
0.564459
0.408625
0.566222
0.541951
0.333098
0.407368
0.382141
0.237221
0.294472
0.274134
0.155444
0.160322
0.300637
0.303855
0.180657
0.232193
0.219473
0.130517
0.168417
0.150256
0.0587707
0.0231852
0.00625386
0.111529
0.354362
0.667799
1.14544
2.01824
4.04142
10.5013
36.3627
37.6222
16.3053
26.0947
25.1781
11.7989
19.2552
18.6969
9.36797
16.5977
15.7564
5.48564
3.95794
7.86178
7.73416
3.69761
5.8588
5.60867
2.62092
3.96504
3.72683
1.52836
1.48837
3.63168
3.64119
1.62731
2.4517
2.33555
1.10521
1.70883
1.64134
0.824171
1.39781
1.31756
0.464881
0.322574
0.589912
0.573481
0.277634
0.421754
0.402518
0.19769
0.30624
0.290189
0.124865
0.13101
0.332519
0.3358
0.154426
0.248125
0.238271
0.111501
0.183317
0.169207
0.049929
0.0175879
0.0046012
0.0659779
0.209789
0.396102
0.682339
1.21572
2.52939
7.6925
42.6608
43.4777
12.0331
28.5742
27.9679
8.55301
20.9075
20.5516
6.79829
18.3964
17.8495
3.86751
2.67053
8.56798
8.50108
2.65661
6.29592
6.13669
1.87722
4.22921
4.0743
1.04742
1.0276
4.08105
4.09161
1.17882
2.62584
2.55097
0.791713
1.82397
1.78143
0.592767
1.5306
1.47889
0.32574
0.214961
0.63011
0.620906
0.197396
0.445609
0.433476
0.140515
0.325194
0.314769
0.0850218
0.090902
0.37526
0.377763
0.112335
0.269763
0.263471
0.0810438
0.202867
0.19384
0.0361009
0.0110265
0.00280492
0.0217345
0.0691315
0.130643
0.225518
0.404177
0.865861
3.32151
50.614
50.9009
5.23492
31.9147
31.6991
3.65306
23.206
23.0825
2.9078
20.8031
20.6105
1.59737
1.03835
9.58049
9.56109
1.12499
6.92868
6.87344
0.792288
4.62355
4.56895
0.417507
0.41325
4.6828
4.68761
0.503461
2.8784
2.85221
0.334115
1.99484
1.98019
0.251265
1.71354
1.69543
0.133756
0.0823219
0.692541
0.689678
0.0826924
0.483138
0.478954
0.0588371
0.354347
0.350672
0.0335999
0.0368046
0.432065
0.433037
0.0481786
0.299711
0.297523
0.0347207
0.228953
0.22581
0.0153812
0.00378183
0.000940689
)
;

boundaryField
{
    left
    {
        type            calculated;
        value           uniform 0;
    }
    right
    {
        type            calculated;
        value           uniform 0;
    }
    interface
    {
        type            calculated;
        value           nonuniform List<scalar> 
64
(
0.0217345
0.0691315
0.130643
0.225518
0.404177
0.865861
3.32151
50.614
50.9009
5.23492
31.9147
31.6991
3.65306
23.206
23.0825
2.9078
20.8031
20.6105
1.59737
1.03835
9.58049
9.56109
1.12499
6.92868
6.87344
0.792288
4.62355
4.56895
0.417507
0.41325
4.6828
4.68761
0.503461
2.8784
2.85221
0.334115
1.99484
1.98019
0.251265
1.71354
1.69543
0.133756
0.0823219
0.692541
0.689678
0.0826924
0.483138
0.478954
0.0588371
0.354347
0.350672
0.0335999
0.0368046
0.432065
0.433037
0.0481786
0.299711
0.297523
0.0347207
0.228953
0.22581
0.0153812
0.00378183
0.000940689
)
;
    }
    bottom
    {
        type            calculated;
        value           nonuniform List<scalar> 
64
(
0.0219074
0.0654753
0.108282
0.14975
0.189226
0.225985
0.259272
0.288363
0.31264
0.331658
0.34519
0.353244
0.356051
0.354029
0.347736
0.33782
0.324969
0.309876
0.293199
0.275539
0.257423
0.239292
0.221499
0.204313
0.187928
0.172471
0.158016
0.144589
0.132183
0.120761
0.110267
0.100632
0.0917842
0.083649
0.0761586
0.0692526
0.0628794
0.0569958
0.0515666
0.0465632
0.041962
0.0377431
0.0338884
0.0303805
0.0272017
0.0243326
0.0217526
0.0194394
0.0173695
0.0155184
0.0138613
0.012373
0.011029
0.0098056
0.00868041
0.00763305
0.00664543
0.00570206
0.00479019
0.00389971
0.003023
0.00215463
0.00129101
0.000430026
)
;
    }
    defaultFaces
    {
        type            empty;
    }
}


// ************************************************************************* //
