/*--------------------------------*- C++ -*----------------------------------*\
| =========                 |                                                 |
| \\      /  F ield         | OpenFOAM: The Open Source CFD Toolbox           |
|  \\    /   O peration     | Version:  5.x                                   |
|   \\  /    A nd           | Web:      www.OpenFOAM.org                      |
|    \\/     M anipulation  |                                                 |
\*---------------------------------------------------------------------------*/
FoamFile
{
    version     2.0;
    format      ascii;
    class       volScalarField;
    location    "2.6";
    object      gradTy;
}
// * * * * * * * * * * * * * * * * * * * * * * * * * * * * * * * * * * * * * //

dimensions      [0 -1 0 1 0 0 0];

internalField   nonuniform List<scalar> 
2048
(
-21.4404
-21.3552
-21.1858
-20.9343
-20.6042
-20.2004
-19.7293
-19.1989
-18.6186
-17.9989
-17.3507
-16.6854
-16.0138
-15.3459
-14.6906
-14.0554
-13.4464
-12.8683
-12.3243
-11.8162
-11.345
-10.9105
-10.5119
-10.1476
-9.816
-9.5149
-9.24212
-8.99537
-8.77245
-8.57119
-8.38958
-8.22575
-8.078
-7.94479
-7.82474
-7.71663
-7.61934
-7.53189
-7.45338
-7.383
-7.31999
-7.26368
-7.21342
-7.16862
-7.12874
-7.09327
-7.06174
-7.03373
-7.00885
-6.98675
-6.96712
-6.9497
-6.93423
-6.92052
-6.90841
-6.89776
-6.88845
-6.88042
-6.87359
-6.86794
-6.86343
-6.86006
-6.85782
-6.85669
-21.5092
-21.4231
-21.2519
-20.9977
-20.6636
-20.2546
-19.7771
-19.2391
-18.6503
-18.0215
-17.3643
-16.6902
-16.0105
-15.3353
-14.6739
-14.0338
-13.421
-12.8403
-12.2947
-11.786
-11.3148
-10.881
-10.4835
-10.1207
-9.79074
-9.49142
-9.22045
-8.9755
-8.7543
-8.55466
-8.37455
-8.21209
-8.06557
-7.93347
-7.81441
-7.70718
-7.61069
-7.52396
-7.4461
-7.37631
-7.31386
-7.25805
-7.20827
-7.16391
-7.12443
-7.08934
-7.05815
-7.03045
-7.00585
-6.984
-6.96459
-6.94735
-6.93205
-6.91848
-6.90647
-6.8959
-6.88666
-6.87867
-6.87188
-6.86625
-6.86175
-6.85839
-6.85614
-6.85502
-21.6399
-21.5523
-21.3779
-21.1185
-20.777
-20.3581
-19.8682
-19.3156
-18.7106
-18.0645
-17.3898
-16.6989
-16.0035
-15.3146
-14.6415
-13.992
-13.3722
-12.7866
-12.238
-11.7281
-11.2572
-10.8248
-10.4295
-10.0696
-9.74285
-9.44696
-9.17946
-8.93794
-8.72002
-8.52347
-8.34621
-8.18634
-8.04215
-7.91213
-7.79494
-7.68937
-7.59437
-7.50899
-7.43236
-7.3637
-7.30228
-7.24744
-7.19855
-7.15502
-7.11631
-7.08192
-7.05138
-7.02427
-7.00019
-6.97881
-6.95982
-6.94294
-6.92794
-6.91462
-6.90282
-6.89241
-6.88329
-6.87539
-6.86865
-6.86305
-6.85857
-6.85522
-6.85298
-6.85185
-21.8254
-21.7358
-21.5571
-21.2906
-20.9388
-20.506
-19.9985
-19.425
-18.7964
-18.1253
-17.4252
-16.7099
-15.9921
-15.2835
-14.5939
-13.9312
-13.3015
-12.7092
-12.1567
-11.6454
-11.1751
-10.7449
-10.353
-9.99727
-9.67523
-9.38427
-9.12178
-8.88516
-8.67192
-8.47975
-8.30651
-8.15029
-8.00937
-7.88227
-7.76767
-7.66443
-7.57151
-7.48801
-7.4131
-7.34601
-7.28604
-7.23255
-7.18491
-7.14255
-7.10492
-7.07153
-7.0419
-7.01561
-6.99228
-6.97156
-6.95314
-6.93676
-6.92219
-6.90922
-6.89771
-6.88752
-6.87857
-6.87078
-6.86412
-6.85856
-6.85411
-6.85075
-6.84852
-6.84739
-22.0593
-21.9674
-21.7838
-21.5089
-21.1447
-20.6945
-20.1647
-19.5642
-18.905
-18.2014
-17.4686
-16.7218
-15.9753
-15.2416
-14.5311
-13.8519
-13.21
-12.6096
-12.0527
-11.54
-11.0709
-10.6439
-10.2565
-9.90636
-9.59043
-9.30586
-9.04977
-8.81939
-8.61209
-8.42545
-8.25727
-8.1056
-7.96875
-7.84526
-7.73387
-7.63349
-7.54314
-7.46196
-7.38916
-7.32401
-7.26585
-7.21403
-7.16795
-7.12704
-7.09077
-7.05862
-7.03012
-7.00487
-6.98246
-6.96256
-6.94487
-6.92912
-6.91507
-6.90255
-6.89138
-6.88147
-6.87271
-6.86506
-6.85848
-6.85297
-6.84853
-6.84518
-6.84294
-6.84181
-22.3361
-22.2419
-22.0531
-21.7693
-21.391
-20.9208
-20.3642
-19.7311
-19.0345
-18.2909
-17.5179
-16.7328
-15.9516
-15.1879
-14.4526
-13.7542
-13.0984
-12.4888
-11.9273
-11.4136
-10.9466
-10.5238
-10.1424
-9.79918
-9.49077
-9.21395
-8.96558
-8.74268
-8.54246
-8.36237
-8.20014
-8.0538
-7.92167
-7.80236
-7.69468
-7.59758
-7.51019
-7.43168
-7.36132
-7.29842
-7.24233
-7.19246
-7.14821
-7.109
-7.07431
-7.04361
-7.01645
-6.9924
-6.97107
-6.95214
-6.93529
-6.92027
-6.90684
-6.89482
-6.88406
-6.87445
-6.86592
-6.85841
-6.85192
-6.84645
-6.84202
-6.83866
-6.83641
-6.83527
-22.6504
-22.5543
-22.3609
-22.0682
-21.6751
-21.1825
-20.5954
-19.9239
-19.1831
-18.392
-17.5712
-16.7411
-15.9195
-15.1212
-14.358
-13.638
-12.9669
-12.3478
-11.7817
-11.2678
-10.804
-10.3868
-10.0128
-9.67788
-9.37837
-9.11062
-8.87119
-8.6569
-8.46478
-8.29216
-8.13666
-7.99629
-7.86943
-7.75474
-7.65112
-7.55766
-7.47351
-7.39794
-7.33027
-7.26985
-7.21608
-7.16838
-7.12616
-7.08887
-7.05596
-7.0269
-7.00123
-6.97853
-6.95842
-6.94056
-6.92466
-6.91045
-6.89771
-6.88626
-6.87595
-6.86667
-6.85837
-6.85101
-6.84459
-6.83915
-6.83472
-6.83134
-6.82906
-6.82791
-22.9975
-22.9001
-22.703
-22.4025
-21.9946
-21.4783
-20.8572
-20.1417
-19.3493
-18.5028
-17.6267
-16.7448
-15.8773
-15.0405
-14.2463
-13.503
-12.8157
-12.187
-11.6169
-11.104
-10.6446
-10.2347
-9.86949
-9.54442
-9.25516
-8.99772
-8.76839
-8.56376
-8.38068
-8.21632
-8.06821
-7.93435
-7.81316
-7.70341
-7.60414
-7.51453
-7.43385
-7.36142
-7.29662
-7.23887
-7.18759
-7.14224
-7.10225
-7.06705
-7.03608
-7.00882
-6.98479
-6.96356
-6.94477
-6.92808
-6.91321
-6.89989
-6.8879
-6.87705
-6.86721
-6.85829
-6.85022
-6.843
-6.83665
-6.83122
-6.82676
-6.82334
-6.82102
-6.81985
-23.3723
-23.2748
-23.0759
-22.7694
-22.3481
-21.8074
-21.1491
-20.3838
-19.5321
-18.6216
-17.6822
-16.7418
-15.8233
-14.9443
-14.1169
-13.349
-12.6451
-12.007
-11.434
-10.9232
-10.4702
-10.0691
-9.7144
-9.40063
-9.12293
-8.87697
-8.6588
-8.46479
-8.29161
-8.13623
-7.99608
-7.86913
-7.75389
-7.6493
-7.55454
-7.46894
-7.39186
-7.32271
-7.26093
-7.20597
-7.15732
-7.11446
-7.07685
-7.04389
-7.01502
-6.98968
-6.96739
-6.94774
-6.93035
-6.91492
-6.90114
-6.88877
-6.87757
-6.86737
-6.85803
-6.84946
-6.84162
-6.83453
-6.82822
-6.82277
-6.81825
-6.81477
-6.81241
-6.8112
-23.7702
-23.674
-23.476
-23.1666
-22.7342
-22.1696
-21.4713
-20.6501
-19.7305
-18.7469
-17.7357
-16.7299
-15.7556
-14.8313
-13.969
-13.1757
-12.4552
-11.8083
-11.2336
-10.7269
-10.282
-9.89177
-9.54924
-9.24822
-8.98333
-8.74994
-8.5439
-8.36139
-8.19888
-8.05314
-7.92142
-7.80166
-7.69255
-7.59321
-7.50304
-7.42153
-7.34814
-7.28235
-7.22365
-7.17157
-7.12564
-7.0854
-7.05029
-7.01971
-6.99305
-6.96975
-6.9493
-6.9313
-6.91539
-6.90126
-6.88864
-6.87726
-6.8669
-6.85737
-6.84853
-6.84031
-6.8327
-6.82572
-6.81942
-6.81392
-6.80931
-6.80574
-6.8033
-6.80206
-24.1863
-24.0933
-23.8998
-23.5918
-23.1521
-22.5651
-21.8246
-20.9409
-19.9438
-18.8767
-17.7848
-16.7069
-15.6723
-14.7003
-13.8018
-12.983
-12.2462
-11.5915
-11.0166
-10.516
-10.0816
-9.70426
-9.37568
-9.08883
-8.83789
-8.61805
-8.42501
-8.2548
-8.10369
-7.96817
-7.84526
-7.73288
-7.62994
-7.53585
-7.45026
-7.37285
-7.30318
-7.24078
-7.18522
-7.13606
-7.09291
-7.05535
-7.02286
-6.99479
-6.97045
-6.94927
-6.93074
-6.91444
-6.90006
-6.88729
-6.87586
-6.86552
-6.85602
-6.84718
-6.83885
-6.83099
-6.82358
-6.81667
-6.81036
-6.80475
-6.80002
-6.79632
-6.79379
-6.79251
-24.6156
-24.5283
-24.3437
-24.0429
-23.6014
-22.9951
-22.2108
-21.2572
-20.1714
-19.0092
-17.8269
-16.6701
-15.5715
-14.55
-13.615
-12.7708
-12.0184
-11.357
-10.7838
-10.2918
-9.87048
-9.50822
-9.19533
-8.924
-8.68803
-8.48258
-8.30332
-8.14614
-8.0071
-7.88236
-7.76856
-7.66362
-7.56677
-7.47782
-7.39673
-7.32336
-7.25741
-7.19841
-7.14598
-7.09975
-7.05939
-7.02459
-6.99482
-6.96936
-6.94745
-6.92847
-6.9119
-6.89736
-6.88453
-6.87314
-6.86294
-6.85367
-6.84508
-6.83694
-6.82912
-6.82158
-6.81435
-6.80749
-6.80111
-6.79537
-6.79046
-6.7866
-6.78395
-6.78263
-25.0532
-24.9744
-24.8041
-24.5177
-24.0819
-23.4612
-22.6321
-21.6005
-20.4125
-19.142
-17.8592
-16.617
-15.4512
-14.3795
-13.4081
-12.5394
-11.7724
-11.1053
-10.5358
-10.0554
-9.65009
-9.30525
-9.00979
-8.7552
-8.53505
-8.34469
-8.17987
-8.03635
-7.91006
-7.79665
-7.69222
-7.59462
-7.50364
-7.41963
-7.34286
-7.27348
-7.21121
-7.15559
-7.10627
-7.06292
-7.02533
-6.99332
-6.96638
-6.94366
-6.92426
-6.90754
-6.89297
-6.88019
-6.86893
-6.85895
-6.85
-6.84184
-6.83417
-6.82674
-6.81942
-6.81219
-6.80512
-6.79827
-6.79179
-6.78585
-6.7807
-6.77665
-6.77386
-6.77249
-25.494
-25.4268
-25.2771
-25.014
-24.5935
-23.9657
-23.092
-21.9727
-20.6663
-19.2725
-17.8787
-16.5447
-15.3095
-14.1879
-13.1812
-12.2892
-11.5087
-10.837
-10.2733
-9.808
-9.42202
-9.09699
-8.8206
-8.58383
-8.38011
-8.20539
-8.05557
-7.92627
-7.81338
-7.71191
-7.61703
-7.52652
-7.44106
-7.36169
-7.28903
-7.22352
-7.1649
-7.11261
-7.06634
-7.02583
-6.99094
-6.96174
-6.93774
-6.91788
-6.90108
-6.88665
-6.87411
-6.86308
-6.8534
-6.84483
-6.83715
-6.83012
-6.82341
-6.8167
-6.80985
-6.80291
-6.79596
-6.78909
-6.78245
-6.77626
-6.77081
-6.76651
-6.76356
-6.76214
-25.933
-25.8809
-25.7588
-25.5293
-25.1363
-24.5114
-23.5951
-22.3769
-20.9316
-19.3974
-17.8819
-16.45
-15.1447
-13.9751
-12.9344
-12.0211
-11.2283
-10.5523
-9.99681
-9.55071
-9.188
-8.88507
-8.62924
-8.41121
-8.22425
-8.06556
-7.9312
-7.81656
-7.71777
-7.62895
-7.54379
-7.45989
-7.37944
-7.30433
-7.23548
-7.17375
-7.11877
-7.06973
-7.02646
-6.98868
-6.95636
-6.92998
-6.90907
-6.8922
-6.87807
-6.86597
-6.85544
-6.84616
-6.83803
-6.83088
-6.82447
-6.8186
-6.81289
-6.80691
-6.8005
-6.79381
-6.78695
-6.78002
-6.77319
-6.76668
-6.76084
-6.75624
-6.75311
-6.75164
-26.3651
-26.3318
-26.2448
-26.0607
-25.7101
-25.1019
-24.1473
-22.8168
-21.2062
-19.5123
-17.8653
-16.3295
-14.9549
-13.7409
-12.6683
-11.7361
-10.9324
-10.2514
-9.70643
-9.28481
-8.94991
-8.67112
-8.43715
-8.23862
-8.06836
-7.92591
-7.80744
-7.70772
-7.62381
-7.54857
-7.47325
-7.39517
-7.31906
-7.24783
-7.18242
-7.12438
-7.07306
-7.02716
-6.98684
-6.95168
-6.9217
-6.89811
-6.88049
-6.86682
-6.85538
-6.84563
-6.83711
-6.8295
-6.8229
-6.81716
-6.81202
-6.80735
-6.80269
-6.79745
-6.79143
-6.78495
-6.77816
-6.77112
-6.76406
-6.75716
-6.75084
-6.74587
-6.74255
-6.74104
-26.7857
-26.7747
-26.7307
-26.6048
-26.3144
-25.7412
-24.7563
-23.2979
-21.4869
-19.6123
-17.8254
-16.1795
-14.7388
-13.4864
-12.3834
-11.4357
-10.6228
-9.93432
-9.402
-9.01166
-8.70995
-8.45667
-8.24565
-8.0673
-7.91313
-7.78705
-7.68488
-7.60008
-7.53194
-7.47156
-7.40624
-7.3327
-7.26011
-7.19237
-7.12992
-7.07556
-7.02801
-6.9851
-6.94768
-6.91501
-6.887
-6.8662
-6.85215
-6.84189
-6.83316
-6.82574
-6.81921
-6.81319
-6.80808
-6.80374
-6.79985
-6.79643
-6.7929
-6.7884
-6.78269
-6.77637
-6.76963
-6.76246
-6.75513
-6.74777
-6.74082
-6.73542
-6.73191
-6.73038
-27.1901
-27.2048
-27.2116
-27.1578
-26.9481
-26.4338
-25.4319
-23.8273
-21.768
-19.6907
-17.7595
-15.9956
-14.4949
-13.2135
-12.0802
-11.1217
-10.3021
-9.60016
-9.08278
-8.73282
-8.47073
-8.24312
-8.05592
-7.89856
-7.759
-7.6494
-7.5641
-7.49374
-7.44241
-7.39874
-7.34361
-7.27264
-7.20265
-7.13816
-7.07799
-7.02739
-6.98387
-6.94365
-6.90914
-6.87887
-6.85226
-6.83419
-6.82415
-6.8176
-6.8115
-6.80641
-6.80185
-6.79726
-6.79361
-6.79067
-6.78797
-6.78585
-6.78359
-6.77984
-6.7743
-6.7681
-6.76141
-6.75405
-6.74644
-6.73855
-6.7308
-6.72489
-6.72122
-6.7197
-27.5743
-27.6176
-27.6824
-27.7148
-27.6092
-27.184
-26.1864
-24.4153
-22.0403
-19.7394
-17.6663
-15.7724
-14.222
-12.9255
-11.7586
-10.7962
-9.974
-9.24724
-8.74724
-8.45015
-8.23557
-8.03147
-7.86898
-7.73383
-7.6061
-7.51326
-7.44578
-7.3885
-7.35529
-7.33103
-7.28644
-7.2149
-7.14659
-7.0854
-7.02648
-6.97992
-6.94093
-6.90284
-6.87138
-6.84352
-6.81737
-6.80201
-6.79661
-6.79415
-6.79046
-6.78768
-6.78511
-6.78173
-6.77951
-6.778
-6.77636
-6.77563
-6.7748
-6.77184
-6.76626
-6.76014
-6.75354
-6.74593
-6.73806
-6.72958
-6.72076
-6.71426
-6.71049
-6.70903
-27.9345
-28.0089
-28.1382
-28.2704
-28.2942
-27.9958
-27.0352
-25.0769
-22.2889
-19.7486
-17.5474
-15.5024
-13.9192
-12.6286
-11.4173
-10.4616
-9.64423
-8.87233
-8.39285
-8.16604
-8.00875
-7.8221
-7.68556
-7.57491
-7.45402
-7.37876
-7.3308
-7.28378
-7.27039
-7.26949
-7.23607
-7.15904
-7.0917
-7.03444
-6.97505
-6.93315
-6.89958
-6.86261
-6.83455
-6.80928
-6.7821
-6.76946
-6.76966
-6.77179
-6.77007
-6.76961
-6.7691
-6.76654
-6.76577
-6.76576
-6.76498
-6.76574
-6.76662
-6.76448
-6.75852
-6.75248
-6.74605
-6.73806
-6.73001
-6.72091
-6.71066
-6.70349
-6.69972
-6.6984
-28.2679
-28.375
-28.5736
-28.8182
-28.9981
-28.872
-27.9971
-25.8341
-22.4898
-19.7065
-17.4098
-15.1747
-13.5854
-12.3323
-11.0524
-10.1206
-9.32169
-8.46972
-8.01582
-7.88368
-7.79602
-7.61423
-7.50614
-7.4243
-7.30161
-7.2459
-7.22054
-7.17847
-7.1872
-7.21539
-7.1943
-7.10406
-7.03755
-6.98588
-6.92313
-6.88703
-6.86039
-6.82265
-6.79876
-6.77668
-6.74605
-6.73627
-6.74344
-6.75084
-6.75023
-6.75219
-6.75395
-6.75162
-6.75238
-6.75403
-6.75372
-6.75613
-6.75911
-6.75787
-6.751
-6.74507
-6.73896
-6.73041
-6.72232
-6.71265
-6.70041
-6.69249
-6.68891
-6.68787
-28.5719
-28.7125
-28.9838
-29.3512
-29.7136
-29.8132
-29.0942
-26.7205
-22.6055
-19.5994
-17.2693
-14.7726
-13.2197
-12.0522
-10.6556
-9.77606
-9.02011
-8.02992
-7.61088
-7.60728
-7.60526
-7.40523
-7.33082
-7.28569
-7.14656
-7.11454
-7.11721
-7.07066
-7.10486
-7.17027
-7.1637
-7.04812
-6.9836
-6.94079
-6.86967
-6.84147
-6.82427
-6.7824
-6.76414
-6.7465
-6.70855
-6.70205
-6.71817
-6.73175
-6.73076
-6.7354
-6.73987
-6.73677
-6.7393
-6.74293
-6.74243
-6.7467
-6.75235
-6.75217
-6.74352
-6.73785
-6.73237
-6.72288
-6.71504
-6.70493
-6.68986
-6.68118
-6.67808
-6.67746
-28.845
-29.0188
-29.3641
-29.8616
-30.4312
-30.8167
-30.3515
-27.7865
-22.5778
-19.4119
-17.1551
-14.2697
-12.8213
-11.8126
-10.2113
-9.43081
-8.7606
-7.53757
-7.17126
-7.34249
-7.44742
-7.18954
-7.15934
-7.1647
-6.98475
-6.9844
-7.02437
-6.95732
-7.02206
-7.13602
-7.14796
-6.98811
-6.92914
-6.90105
-6.81303
-6.79636
-6.79266
-6.7408
-6.73079
-6.72001
-6.6686
-6.66631
-6.69416
-6.71514
-6.71127
-6.71921
-6.72719
-6.7217
-6.72648
-6.73266
-6.73087
-6.73734
-6.74645
-6.74761
-6.73584
-6.73076
-6.7264
-6.7153
-6.7082
-6.69798
-6.67883
-6.66947
-6.66723
-6.66727
-29.086
-29.2919
-29.7102
-30.3417
-31.1391
-31.8748
-31.7956
-29.109
-22.3178
-19.1281
-17.1171
-13.6239
-12.3895
-11.6508
-9.69225
-9.08776
-8.57529
-6.9684
-6.68888
-7.09663
-7.33784
-6.95714
-6.99113
-7.07003
-6.80932
-6.85516
-6.94765
-6.8337
-6.9371
-7.11484
-7.15244
-6.91907
-6.87336
-6.86972
-6.75054
-6.75157
-6.76776
-6.69607
-6.69882
-6.69916
-6.6246
-6.6285
-6.67181
-6.70195
-6.69112
-6.70356
-6.71643
-6.70595
-6.7139
-6.72359
-6.7187
-6.72793
-6.74155
-6.74457
-6.72756
-6.72372
-6.7213
-6.70744
-6.70185
-6.69218
-6.667
-6.65724
-6.65644
-6.65739
-29.2948
-29.5308
-30.0187
-30.7834
-31.8228
-32.973
-33.4513
-30.8037
-21.6927
-18.7326
-17.2349
-12.7697
-11.9242
-11.6232
-9.05417
-8.74985
-8.51221
-6.28492
-6.15515
-6.87875
-7.29801
-6.69148
-6.82543
-7.01486
-6.60938
-6.72653
-6.89571
-6.6926
-6.84793
-7.1092
-7.18499
-6.83332
-6.81546
-6.85168
-6.67808
-6.70701
-6.753
-6.64539
-6.66836
-6.68691
-6.57416
-6.58806
-6.65168
-6.69348
-6.66928
-6.68841
-6.70845
-6.68881
-6.70154
-6.71629
-6.70544
-6.71833
-6.73784
-6.74361
-6.71813
-6.7167
-6.71747
-6.69891
-6.69606
-6.68809
-6.65393
-6.64442
-6.64578
-6.64793
-29.4717
-29.7349
-30.2872
-31.1794
-32.4663
-34.0887
-35.336
-33.0437
-20.5064
-18.2134
-17.6307
-11.6062
-11.4267
-11.8134
-8.22723
-8.42013
-8.642
-5.43032
-5.56245
-6.69944
-7.35807
-6.36658
-6.66154
-7.01892
-6.36811
-6.5984
-6.88155
-6.52328
-6.75239
-7.12156
-7.25698
-6.71931
-6.75479
-6.8544
-6.58931
-6.66265
-6.75348
-6.58433
-6.63956
-6.68764
-6.51369
-6.5445
-6.63441
-6.69161
-6.64416
-6.67373
-6.7045
-6.66924
-6.68943
-6.71166
-6.6904
-6.7084
-6.73552
-6.74559
-6.7067
-6.70967
-6.71556
-6.68915
-6.69093
-6.68657
-6.63898
-6.63101
-6.63543
-6.63904
-29.6176
-29.9045
-30.5139
-31.5235
-33.0525
-35.1895
-37.4509
-36.0831
-18.4752
-17.566
-18.4848
-9.98172
-10.9008
-12.3428
-7.1057
-8.10215
-9.06646
-4.32015
-4.90696
-6.56989
-7.56001
-5.94334
-6.49926
-7.11098
-6.06025
-6.47116
-6.92407
-6.3099
-6.64866
-7.15394
-7.38477
-6.56011
-6.69108
-6.88886
-6.47476
-6.61865
-6.77664
-6.50628
-6.61261
-6.70774
-6.4379
-6.49759
-6.62074
-6.69894
-6.61336
-6.65955
-6.70648
-6.64562
-6.67762
-6.711
-6.67253
-6.69807
-6.73476
-6.75174
-6.69208
-6.70266
-6.71652
-6.67731
-6.68652
-6.68884
-6.62117
-6.61705
-6.62555
-6.63086
-29.7339
-30.0406
-30.6985
-31.8107
-33.5645
-36.2333
-39.7674
-40.2907
-15.1958
-16.799
-20.0552
-7.67371
-10.3553
-13.3836
-5.53421
-7.80054
-9.92949
-2.83134
-4.19305
-6.50012
-7.962
-5.36476
-6.33953
-7.33213
-5.64886
-6.34605
-7.05017
-6.02955
-6.53604
-7.20707
-7.59157
-6.33139
-6.62475
-6.9708
-6.32057
-6.57543
-6.83311
-6.40152
-6.58774
-6.7562
-6.33905
-6.44762
-6.61129
-6.71911
-6.57339
-6.64594
-6.71701
-6.61563
-6.66624
-6.71613
-6.65034
-6.68732
-6.73565
-6.76378
-6.6725
-6.69571
-6.7217
-6.66213
-6.68288
-6.69663
-6.59907
-6.60273
-6.61637
-6.6235
-29.8225
-30.1449
-30.8415
-32.038
-33.9868
-37.1688
-42.2072
-46.1914
-10.104
-15.9425
-22.7017
-4.36328
-9.8077
-15.1755
-3.29067
-7.52206
-11.4306
-0.787862
-3.43994
-6.49571
-8.64393
-4.54998
-6.18537
-7.73963
-5.08117
-6.22583
-7.29711
-5.64962
-6.41615
-7.27912
-7.90988
-5.99894
-6.55741
-7.12215
-6.10687
-6.53389
-6.93762
-6.25613
-6.56529
-6.84547
-6.20604
-6.39575
-6.6064
-6.757
-6.51923
-6.63307
-6.73976
-6.57586
-6.65543
-6.72956
-6.62162
-6.67622
-6.73803
-6.78408
-6.64542
-6.68888
-6.73296
-6.64178
-6.67995
-6.71226
-6.57055
-6.58836
-6.60808
-6.617
-29.8855
-30.2192
-30.9445
-32.2047
-34.3078
-37.9395
-44.6159
-54.5193
-2.42526
-15.0596
-26.9138
0.395934
-9.28829
-18.045
-0.065544
-7.27722
-13.8412
2.05716
-2.69115
-6.55292
-9.71447
-3.38701
-6.04319
-8.41156
-4.28349
-6.11561
-7.71538
-5.12451
-6.29474
-7.36385
-8.38461
-5.51552
-6.49243
-7.37269
-5.80583
-6.49563
-7.11024
-6.05068
-6.54571
-6.99241
-6.02324
-6.34459
-6.60575
-6.81922
-6.44382
-6.62117
-6.77958
-6.52146
-6.6454
-6.75454
-6.58321
-6.66506
-6.74133
-6.81581
-6.60727
-6.68225
-6.75274
-6.61358
-6.67748
-6.73881
-6.53252
-6.57446
-6.60078
-6.61127
-29.925
-30.2661
-31.0099
-32.312
-34.5204
-38.4897
-46.7275
-66.2833
8.88567
-14.2603
-33.342
7.21454
-8.84733
-22.4278
4.56259
-7.08244
-17.5231
6.04346
-2.02729
-6.65126
-11.3198
-1.72408
-5.9244
-9.45211
-3.15516
-6.02403
-8.372
-4.39156
-6.18423
-7.44795
-9.07677
-4.81723
-6.43577
-7.76198
-5.37935
-6.4633
-7.37762
-5.75863
-6.52962
-7.2194
-5.769
-6.29891
-6.60777
-6.9145
-6.3375
-6.61061
-6.84287
-6.44568
-6.63637
-6.79528
-6.53063
-6.65436
-6.74429
-6.86318
-6.55308
-6.67585
-6.78415
-6.57384
-6.67495
-6.78027
-6.48057
-6.56181
-6.59436
-6.60603
-29.9436
-30.2881
-31.0408
-32.3633
-34.6244
-38.7759
-48.1195
-82.8439
25.2152
-13.7207
-42.8335
16.9095
-8.56358
-28.8941
11.1545
-6.96346
-22.9513
11.6293
-1.58325
-6.74415
-13.655
0.639649
-5.84823
-10.9981
-1.56225
-5.96544
-9.35481
-3.36696
-6.10773
-7.50839
-10.0688
-3.81984
-6.3978
-8.34221
-4.77713
-6.44179
-7.77536
-5.34532
-6.51875
-7.55646
-5.41482
-6.26744
-6.60988
-7.05515
-6.18814
-6.60276
-6.93866
-6.34023
-6.62948
-6.85797
-6.45854
-6.64597
-6.7455
-6.93249
-6.47694
-6.67049
-6.83203
-6.51834
-6.67226
-6.8426
-6.40948
-6.55242
-6.58931
-6.60168
)
;

boundaryField
{
    left
    {
        type            calculated;
        value           nonuniform List<scalar> 
32
(
-21.4404
-21.5092
-21.6399
-21.8254
-22.0593
-22.3361
-22.6504
-22.9975
-23.3723
-23.7702
-24.1863
-24.6156
-25.0532
-25.494
-25.933
-26.3651
-26.7857
-27.1901
-27.5743
-27.9345
-28.2679
-28.5719
-28.845
-29.086
-29.2948
-29.4717
-29.6176
-29.7339
-29.8225
-29.8855
-29.925
-29.9436
)
;
    }
    right
    {
        type            calculated;
        value           nonuniform List<scalar> 
32
(
-6.85669
-6.85502
-6.85185
-6.84739
-6.84181
-6.83527
-6.82791
-6.81985
-6.8112
-6.80206
-6.79251
-6.78263
-6.77249
-6.76214
-6.75164
-6.74104
-6.73038
-6.7197
-6.70903
-6.6984
-6.68787
-6.67746
-6.66727
-6.65739
-6.64793
-6.63904
-6.63086
-6.6235
-6.617
-6.61127
-6.60603
-6.60168
)
;
    }
    interface
    {
        type            calculated;
        value           nonuniform List<scalar> 
64
(
-29.9479
-30.2933
-31.0482
-32.3756
-34.6496
-38.8486
-48.5715
-92.518
34.8315
-13.5425
-48.4643
22.5924
-8.47295
-32.7287
15.0211
-6.92684
-26.169
14.8876
-1.43706
-6.78145
-15.0328
2.02519
-5.8238
-11.9169
-0.63065
-5.94665
-9.94021
-2.76983
-6.0817
-7.52913
-10.6517
-3.23448
-6.38513
-8.6875
-4.42499
-6.43457
-8.01191
-5.1035
-6.51496
-7.75683
-5.20874
-6.25668
-6.61059
-7.13865
-6.10105
-6.5998
-6.99604
-6.27898
-6.62682
-6.89575
-6.41694
-6.64271
-6.74553
-6.97362
-6.43264
-6.66828
-6.86085
-6.48613
-6.67094
-6.87992
-6.36848
-6.54893
-6.58727
-6.59987
)
;
    }
    bottom
    {
        type            calculated;
        value           nonuniform List<scalar> 
64
(
-21.4225
-21.3375
-21.1685
-20.9178
-20.5888
-20.1863
-19.7169
-19.1885
-18.6104
-17.993
-17.3472
-16.6841
-16.0146
-15.3486
-14.6948
-14.061
-13.453
-12.8756
-12.3319
-11.8241
-11.3529
-10.9182
-10.5193
-10.1546
-9.8226
-9.52104
-9.24778
-9.00057
-8.7772
-8.57551
-8.39351
-8.22933
-8.08125
-7.94776
-7.82745
-7.7191
-7.62161
-7.53397
-7.45529
-7.38475
-7.3216
-7.26515
-7.21476
-7.16985
-7.12987
-7.0943
-7.06268
-7.03459
-7.00964
-6.98747
-6.96779
-6.95031
-6.9348
-6.92106
-6.90892
-6.89824
-6.88892
-6.88087
-6.87404
-6.86838
-6.86387
-6.8605
-6.85825
-6.85713
)
;
    }
    defaultFaces
    {
        type            empty;
    }
}


// ************************************************************************* //
