/*--------------------------------*- C++ -*----------------------------------*\
| =========                 |                                                 |
| \\      /  F ield         | OpenFOAM: The Open Source CFD Toolbox           |
|  \\    /   O peration     | Version:  5.x                                   |
|   \\  /    A nd           | Web:      www.OpenFOAM.org                      |
|    \\/     M anipulation  |                                                 |
\*---------------------------------------------------------------------------*/
FoamFile
{
    version     2.0;
    format      ascii;
    class       volScalarField;
    location    "5.1";
    object      gradTy;
}
// * * * * * * * * * * * * * * * * * * * * * * * * * * * * * * * * * * * * * //

dimensions      [0 -1 0 1 0 0 0];

internalField   nonuniform List<scalar> 
2048
(
-20.3454
-20.2501
-20.0608
-19.7795
-19.4097
-18.9567
-18.4269
-17.829
-17.1727
-16.4693
-15.7306
-14.9687
-14.1956
-13.4223
-12.6588
-11.9137
-11.1941
-10.5057
-9.85251
-9.23727
-8.66141
-8.12537
-7.62867
-7.17019
-6.74832
-6.3611
-6.00637
-5.68185
-5.38528
-5.11444
-4.86721
-4.64164
-4.4359
-4.24837
-4.07757
-3.92215
-3.78091
-3.65274
-3.53662
-3.43161
-3.33681
-3.2514
-3.17456
-3.10554
-3.04362
-2.98812
-2.9384
-2.89388
-2.85402
-2.81832
-2.78636
-2.75776
-2.73219
-2.70937
-2.68908
-2.67114
-2.65541
-2.64179
-2.6302
-2.62058
-2.61292
-2.60718
-2.60336
-2.60145
-20.4224
-20.3263
-20.1351
-19.851
-19.4771
-19.0186
-18.4821
-17.8761
-17.2108
-16.4978
-15.7492
-14.9778
-14.1957
-13.4143
-12.6438
-11.8929
-11.1689
-10.4771
-9.82176
-9.20533
-8.62915
-8.09346
-7.59767
-7.1405
-6.72021
-6.33474
-5.98183
-5.65915
-5.36438
-5.09524
-4.8496
-4.62548
-4.42107
-4.23474
-4.06501
-3.91057
-3.77023
-3.64288
-3.52753
-3.42323
-3.32912
-3.24435
-3.16813
-3.09969
-3.03832
-2.98333
-2.93409
-2.89
-2.85053
-2.81519
-2.78353
-2.7552
-2.72985
-2.70721
-2.68707
-2.66925
-2.6536
-2.64004
-2.62848
-2.6189
-2.61125
-2.60552
-2.6017
-2.5998
-20.5687
-20.471
-20.2766
-19.9871
-19.6057
-19.1369
-18.5874
-17.966
-17.2834
-16.5518
-15.7844
-14.9946
-14.1952
-13.3984
-12.6146
-11.8528
-11.1202
-10.4223
-9.76285
-9.14427
-8.56758
-8.0327
-7.53873
-7.08412
-6.6669
-6.28479
-5.9354
-5.61624
-5.32489
-5.059
-4.81638
-4.59502
-4.39312
-4.20903
-4.04134
-3.88874
-3.75007
-3.62427
-3.51036
-3.40742
-3.31459
-3.23103
-3.15597
-3.08864
-3.02831
-2.9743
-2.92596
-2.8827
-2.84397
-2.80929
-2.77822
-2.75038
-2.72545
-2.70316
-2.68329
-2.66568
-2.65019
-2.63673
-2.62526
-2.61572
-2.6081
-2.60238
-2.59857
-2.59667
-20.7761
-20.6764
-20.4777
-20.181
-19.7889
-19.3057
-18.7378
-18.0943
-17.3867
-16.6283
-15.8335
-15.0171
-14.1931
-13.3742
-12.5715
-11.7942
-11.0497
-10.3431
-9.6782
-9.05687
-8.47971
-7.94623
-7.45506
-7.00427
-6.59153
-6.21432
-5.86999
-5.55588
-5.26941
-5.00815
-4.7698
-4.55234
-4.35395
-4.17302
-4.00816
-3.85812
-3.72179
-3.59815
-3.48625
-3.3852
-3.29417
-3.21233
-3.1389
-3.07313
-3.01427
-2.96163
-2.91457
-2.87247
-2.8348
-2.80105
-2.7708
-2.74366
-2.71932
-2.69751
-2.67802
-2.66069
-2.64542
-2.63211
-2.62073
-2.61125
-2.60367
-2.59797
-2.59417
-2.59227
-21.0375
-20.9356
-20.7318
-20.4267
-20.0218
-19.5206
-18.9294
-18.2576
-17.5176
-16.7244
-15.8942
-15.0435
-14.1878
-13.3407
-12.5142
-11.7175
-10.9581
-10.2411
-9.56966
-8.94529
-8.36802
-7.83671
-7.34944
-6.90376
-6.49692
-6.12605
-5.78823
-5.48058
-5.20034
-4.94492
-4.71196
-4.49937
-4.30534
-4.12832
-3.96696
-3.82008
-3.68663
-3.56565
-3.45623
-3.35753
-3.26873
-3.18903
-3.11765
-3.05382
-2.99681
-2.94591
-2.90044
-2.85981
-2.82345
-2.79087
-2.76164
-2.73538
-2.71177
-2.69055
-2.67152
-2.65455
-2.63952
-2.62639
-2.61512
-2.6057
-2.59815
-2.59247
-2.58867
-2.58678
-21.3464
-21.2423
-21.0335
-20.7194
-20.3001
-19.7782
-19.1592
-18.453
-17.6734
-16.8376
-15.9641
-15.0717
-14.1777
-13.297
-12.4421
-11.6227
-10.8461
-10.1171
-9.43861
-8.81133
-8.23458
-7.70646
-7.22432
-6.78511
-6.38557
-6.02245
-5.69251
-5.39264
-5.11985
-4.87138
-4.64478
-4.4379
-4.24894
-4.07643
-3.91909
-3.77585
-3.64571
-3.5278
-3.42125
-3.32526
-3.23905
-3.16184
-3.09286
-3.03133
-2.9765
-2.92764
-2.88406
-2.84514
-2.81033
-2.77912
-2.75108
-2.72584
-2.70307
-2.68254
-2.66404
-2.64745
-2.6327
-2.61975
-2.60859
-2.59924
-2.59171
-2.58603
-2.58224
-2.58034
-21.6969
-21.5909
-21.3777
-21.0548
-20.6206
-20.0758
-19.4251
-18.6787
-17.8522
-16.9657
-16.041
-15.0996
-14.1609
-13.2415
-12.3543
-11.5094
-10.7137
-9.97195
-9.28617
-8.65647
-8.08121
-7.55753
-7.08192
-6.65059
-6.25976
-5.90575
-5.58501
-5.29413
-5.02992
-4.78942
-4.57002
-4.36954
-4.18623
-4.01869
-3.86578
-3.72653
-3.60004
-3.4855
-3.38212
-3.28915
-3.20583
-3.13141
-3.06514
-3.00621
-2.95384
-2.90729
-2.86584
-2.82886
-2.79579
-2.76612
-2.73943
-2.71532
-2.6935
-2.67372
-2.65579
-2.63962
-2.62516
-2.61238
-2.60132
-2.59201
-2.58449
-2.57881
-2.57501
-2.5731
-22.0832
-21.9763
-21.7598
-21.4293
-20.9805
-20.4114
-19.7255
-18.9331
-18.0523
-17.1067
-16.1226
-15.1249
-14.1357
-13.1728
-12.25
-11.3772
-10.5612
-9.80601
-9.11325
-8.48203
-7.90957
-7.39183
-6.92427
-6.50231
-6.12159
-5.778
-5.46769
-5.18697
-4.93238
-4.70075
-4.48929
-4.29579
-4.11855
-3.95632
-3.80812
-3.67311
-3.55051
-3.43958
-3.3396
-3.24986
-3.16967
-3.09831
-3.035
-2.97893
-2.92929
-2.88528
-2.84617
-2.81133
-2.78016
-2.75218
-2.72695
-2.70409
-2.68329
-2.66431
-2.64698
-2.63124
-2.61704
-2.60443
-2.59345
-2.58416
-2.57663
-2.57093
-2.5671
-2.56519
-22.5
-22.3933
-22.1755
-21.8397
-21.3777
-20.7841
-20.0597
-19.2154
-18.2721
-17.2587
-16.2066
-15.1454
-14.0999
-13.0895
-12.1282
-11.2257
-10.3883
-9.61974
-8.92067
-8.28922
-7.72119
-7.21113
-6.75329
-6.34222
-5.97296
-5.64106
-5.34234
-5.07286
-4.82889
-4.60695
-4.40408
-4.21799
-4.04712
-3.8904
-3.74707
-3.61646
-3.49792
-3.39076
-3.29434
-3.20801
-3.13112
-3.06301
-3.0029
-2.94993
-2.90324
-2.86199
-2.82542
-2.79286
-2.76374
-2.73757
-2.7139
-2.69237
-2.67265
-2.65451
-2.63779
-2.62246
-2.60852
-2.59604
-2.5851
-2.5758
-2.56824
-2.56251
-2.55864
-2.55672
-22.9419
-22.8369
-22.6209
-22.2832
-21.8108
-21.1932
-20.4278
-19.5253
-18.5106
-17.4196
-16.2906
-15.1586
-14.0516
-12.99
-11.9879
-11.0544
-10.1953
-9.4135
-8.70916
-8.07916
-7.51758
-7.01717
-6.57082
-6.17216
-5.81568
-5.49661
-5.21057
-4.95337
-4.72094
-4.50948
-4.31573
-4.13737
-3.97301
-3.82188
-3.68348
-3.55735
-3.44294
-3.33966
-3.2469
-3.16409
-3.09065
-3.02595
-2.96924
-2.9196
-2.87607
-2.83776
-2.80387
-2.77374
-2.74678
-2.72251
-2.7005
-2.68036
-2.66177
-2.64449
-2.62838
-2.61344
-2.59972
-2.58733
-2.57639
-2.56705
-2.55942
-2.55362
-2.54971
-2.54777
-23.4032
-23.3022
-23.0919
-22.757
-22.2785
-21.6389
-20.8304
-19.8629
-18.7669
-17.5875
-16.3722
-15.1621
-13.9886
-12.873
-11.8284
-10.8632
-9.98215
-9.18764
-8.4794
-7.85298
-7.30021
-6.81165
-6.37864
-5.99388
-5.65138
-5.34622
-5.07385
-4.82987
-4.60988
-4.40964
-4.22549
-4.05503
-3.89718
-3.75159
-3.61807
-3.49642
-3.38619
-3.28684
-3.1978
-3.11856
-3.04865
-2.9875
-2.93438
-2.88826
-2.84809
-2.81289
-2.78182
-2.75421
-2.7295
-2.70721
-2.68692
-2.66824
-2.65082
-2.63441
-2.61889
-2.6043
-2.59075
-2.5784
-2.56742
-2.55799
-2.55026
-2.54437
-2.5404
-2.53844
-23.8786
-23.7841
-23.5843
-23.2586
-22.7801
-22.1221
-21.2691
-20.2292
-19.0402
-17.7603
-16.4485
-15.1531
-13.9089
-12.7371
-11.6492
-10.6519
-9.74904
-8.9425
-8.23201
-7.61175
-7.07061
-6.59629
-6.1785
-5.80904
-5.48159
-5.19124
-4.93345
-4.70359
-4.49695
-4.30867
-4.1345
-3.97196
-3.82046
-3.68022
-3.55145
-3.43423
-3.32819
-3.23277
-3.14747
-3.07182
-3.00545
-2.94797
-2.89861
-2.85623
-2.8196
-2.78764
-2.75951
-2.7345
-2.7121
-2.69185
-2.67334
-2.65616
-2.63995
-2.62441
-2.60944
-2.59515
-2.5817
-2.56933
-2.55826
-2.54869
-2.54081
-2.53482
-2.53077
-2.52879
-24.3625
-24.2776
-24.0942
-23.7856
-23.3153
-22.6443
-21.7462
-20.6255
-19.3295
-17.9354
-16.5165
-15.1287
-13.8103
-12.5812
-11.4497
-10.4207
-9.49635
-8.67838
-7.96755
-7.3566
-6.83034
-6.37282
-5.97211
-5.61925
-5.30769
-5.03293
-4.79051
-4.57559
-4.38321
-4.20768
-4.04382
-3.88904
-3.74356
-3.60835
-3.48412
-3.37124
-3.26938
-3.17789
-3.0963
-3.02419
-2.96134
-2.90759
-2.86219
-2.82376
-2.79084
-2.76227
-2.73714
-2.71479
-2.69474
-2.67657
-2.65987
-2.64426
-2.62929
-2.61462
-2.60015
-2.58607
-2.57267
-2.56021
-2.54898
-2.53922
-2.53115
-2.52502
-2.52088
-2.51889
-24.8493
-24.7775
-24.6173
-24.3352
-23.8836
-23.2077
-22.2651
-21.0538
-19.634
-18.1098
-16.5727
-15.0858
-13.6909
-12.4046
-11.23
-10.17
-9.22464
-8.39553
-7.68641
-7.08863
-6.58109
-6.14301
-5.76116
-5.42602
-5.13094
-4.87235
-4.64598
-4.44678
-4.26962
-4.10774
-3.95448
-3.80706
-3.66706
-3.53648
-3.41647
-3.30783
-3.21015
-3.12255
-3.04462
-2.97597
-2.91653
-2.86656
-2.82533
-2.7911
-2.76206
-2.73697
-2.71491
-2.69523
-2.67755
-2.66148
-2.64664
-2.63264
-2.61896
-2.60514
-2.5911
-2.57716
-2.56371
-2.55109
-2.53964
-2.52963
-2.52132
-2.51503
-2.5108
-2.5088
-25.3335
-25.2785
-25.149
-24.9047
-24.485
-23.8153
-22.8306
-21.5171
-19.9521
-18.2801
-16.6137
-15.021
-13.5487
-12.2069
-10.9902
-9.90061
-8.93476
-8.09404
-7.3888
-6.80901
-6.32474
-5.90866
-5.5473
-5.23082
-4.95244
-4.71041
-4.50071
-4.31784
-4.15699
-4.00989
-3.86746
-3.72668
-3.59142
-3.46496
-3.3488
-3.24432
-3.15085
-3.06709
-2.99276
-2.92742
-2.87119
-2.82502
-2.78823
-2.75847
-2.73346
-2.71194
-2.69299
-2.67596
-2.66064
-2.64669
-2.63372
-2.62139
-2.60907
-2.59609
-2.58236
-2.56846
-2.55488
-2.54201
-2.53028
-2.51998
-2.51136
-2.50488
-2.50057
-2.49858
-25.8097
-25.7752
-25.6846
-25.4908
-25.119
-24.4706
-23.4489
-22.0195
-20.2816
-18.4416
-16.6355
-14.9308
-13.3819
-11.9883
-10.7309
-9.61374
-8.62797
-7.77373
-7.07456
-6.51902
-6.06342
-5.67157
-5.33213
-5.0351
-4.77311
-4.54786
-4.3554
-4.1893
-4.04599
-3.91514
-3.7838
-3.64846
-3.51696
-3.39408
-3.28128
-3.18093
-3.0918
-3.01177
-2.94098
-2.8788
-2.82541
-2.78303
-2.75104
-2.72609
-2.70524
-2.68736
-2.67152
-2.65708
-2.6441
-2.63228
-2.62117
-2.61059
-2.59972
-2.58756
-2.574
-2.56002
-2.54623
-2.53302
-2.52095
-2.5103
-2.5013
-2.4946
-2.49023
-2.48828
-26.2725
-26.2625
-26.2193
-26.0897
-25.7851
-25.1778
-24.1278
-22.5664
-20.6187
-18.589
-16.6346
-14.811
-13.1889
-11.7497
-10.4527
-9.31099
-8.30612
-7.43395
-6.74305
-6.22007
-5.79968
-5.43345
-5.11716
-4.84031
-4.59364
-4.3853
-4.21071
-4.06142
-3.93711
-3.82457
-3.70461
-3.57278
-3.44386
-3.32407
-3.21398
-3.11784
-3.03333
-2.95682
-2.88957
-2.83035
-2.77921
-2.74059
-2.71391
-2.6942
-2.67756
-2.66336
-2.65065
-2.63867
-2.62799
-2.61829
-2.60902
-2.60028
-2.59102
-2.57967
-2.56607
-2.55186
-2.53779
-2.52414
-2.51169
-2.50064
-2.49116
-2.48421
-2.47982
-2.47796
-26.7172
-26.7353
-26.7476
-26.6972
-26.4819
-25.9412
-24.8779
-23.1654
-20.9575
-18.7152
-16.608
-14.6567
-12.9683
-11.4935
-10.1559
-8.9944
-7.97204
-7.07327
-6.3929
-5.91388
-5.53668
-5.19583
-4.90375
-4.64801
-4.41443
-4.22315
-4.0673
-3.93418
-3.83063
-3.73937
-3.63116
-3.4998
-3.37213
-3.25518
-3.14685
-3.05517
-2.97579
-2.90241
-2.83877
-2.78239
-2.73253
-2.69762
-2.67699
-2.66306
-2.65058
-2.64009
-2.63051
-2.62077
-2.61236
-2.6048
-2.59726
-2.5905
-2.58307
-2.57252
-2.55857
-2.544
-2.5296
-2.51538
-2.50252
-2.49106
-2.48094
-2.47372
-2.46937
-2.46767
-27.1392
-27.1886
-27.2643
-27.3081
-27.207
-26.7656
-25.7119
-23.8273
-21.288
-18.8117
-16.5543
-14.4618
-12.7188
-11.2235
-9.84031
-8.66647
-7.63014
-6.689
-6.02177
-5.60262
-5.2785
-4.95975
-4.69307
-4.46004
-4.2354
-4.06166
-3.92601
-3.80716
-3.72657
-3.6609
-3.56504
-3.42933
-3.30158
-3.1877
-3.07964
-2.99301
-2.91965
-2.8486
-2.78886
-2.73532
-2.68517
-2.65393
-2.64044
-2.63299
-2.62438
-2.61764
-2.61125
-2.60339
-2.59724
-2.59186
-2.58586
-2.58124
-2.57601
-2.56628
-2.55148
-2.53643
-2.52172
-2.50673
-2.49349
-2.48161
-2.47065
-2.46311
-2.45893
-2.45749
-27.5347
-27.6179
-27.7637
-27.9163
-27.9566
-27.6549
-26.6463
-24.5679
-21.5941
-18.8682
-16.4757
-14.2181
-12.4394
-10.9467
-9.50403
-8.3301
-7.28727
-6.27643
-5.62602
-5.28918
-5.03057
-4.7254
-4.48602
-4.27884
-4.05581
-3.90094
-3.78809
-3.67938
-3.62459
-3.59078
-3.50832
-3.36063
-3.23183
-3.12218
-3.01182
-2.93135
-2.86554
-2.79527
-2.74009
-2.68971
-2.63675
-2.60921
-2.60448
-2.60441
-2.59902
-2.59609
-2.59307
-2.58647
-2.58264
-2.57958
-2.57471
-2.57247
-2.56999
-2.56114
-2.54474
-2.52913
-2.51421
-2.49816
-2.48461
-2.47241
-2.46025
-2.45238
-2.44853
-2.44747
-27.9004
-28.0191
-28.2403
-28.5151
-28.7252
-28.6121
-27.7007
-25.4108
-21.85
-18.8722
-16.3799
-13.913
-12.1291
-10.6741
-9.14204
-7.98858
-6.95427
-5.82771
-5.20036
-4.97754
-4.80031
-4.4914
-4.28315
-4.10785
-3.87383
-3.74091
-3.65551
-3.54911
-3.52394
-3.53102
-3.46386
-3.29213
-3.16226
-3.0596
-2.94249
-2.87018
-2.81445
-2.742
-2.69272
-2.64646
-2.58664
-2.56303
-2.56937
-2.57787
-2.57439
-2.57551
-2.57621
-2.56989
-2.56856
-2.56811
-2.56367
-2.56413
-2.56518
-2.55735
-2.53818
-2.52205
-2.5072
-2.48958
-2.47594
-2.46358
-2.4497
-2.44147
-2.43822
-2.4377
-28.2338
-28.3888
-28.6889
-29.0968
-29.505
-29.6376
-28.8988
-26.3912
-22.0155
-18.8093
-16.2843
-13.5275
-11.7869
-10.4235
-8.74394
-7.64546
-6.6481
-5.33006
-4.73768
-4.67308
-4.59804
-4.25386
-4.08461
-3.95231
-3.68596
-3.58133
-3.53155
-3.4134
-3.42328
-3.48406
-3.43569
-3.22092
-3.09202
-3.0017
-2.87007
-2.80941
-2.76788
-2.6879
-2.64701
-2.60696
-2.53376
-2.51475
-2.53551
-2.55413
-2.55023
-2.5559
-2.56106
-2.55337
-2.555
-2.5577
-2.55245
-2.55609
-2.56183
-2.5553
-2.5315
-2.51511
-2.5009
-2.48085
-2.46748
-2.45534
-2.43887
-2.43033
-2.42805
-2.42827
-28.533
-28.7241
-29.1043
-29.6533
-30.2858
-30.7283
-30.2672
-27.5631
-22.0277
-18.6636
-16.2212
-13.0314
-11.4121
-10.2231
-8.29045
-7.30449
-6.39509
-4.76313
-4.22885
-4.38307
-4.43823
-4.00487
-3.89011
-3.82029
-3.48607
-3.42183
-3.4215
-3.2676
-3.32067
-3.45287
-3.42962
-3.14215
-3.02002
-2.95149
-2.79194
-2.74891
-2.72815
-2.63131
-2.60321
-2.57332
-2.47643
-2.46361
-2.50342
-2.53427
-2.52595
-2.53724
-2.5482
-2.53643
-2.54191
-2.54876
-2.54063
-2.54816
-2.56018
-2.55553
-2.52423
-2.50823
-2.49563
-2.47167
-2.45928
-2.44802
-2.42757
-2.41888
-2.41806
-2.41927
-28.7971
-29.023
-29.4822
-30.176
-31.0548
-31.876
-31.8339
-29.0085
-21.7914
-18.4183
-16.2456
-12.377
-11.0041
-10.116
-7.74845
-6.96953
-6.23547
-4.09515
-3.66307
-4.11694
-4.34126
-3.73038
-3.69896
-3.72423
-3.26405
-3.26195
-3.33379
-3.10451
-3.2135
-3.44093
-3.45411
-3.04797
-2.94505
-2.91387
-2.70392
-2.68852
-2.69887
-2.56936
-2.56155
-2.54884
-2.412
-2.40868
-2.47377
-2.51978
-2.50054
-2.51946
-2.53853
-2.51829
-2.52927
-2.54195
-2.52757
-2.5401
-2.56056
-2.55883
-2.51556
-2.50128
-2.49192
-2.46161
-2.45134
-2.44207
-2.41549
-2.40702
-2.40834
-2.41079
-29.0258
-29.2843
-29.8188
-30.6566
-31.7966
-33.065
-33.6254
-30.8508
-21.1635
-18.0573
-16.4456
-11.4899
-10.5628
-10.1681
-7.06394
-6.64439
-6.22966
-3.27738
-3.0288
-3.88639
-4.33595
-3.40738
-3.51023
-3.68311
-3.00384
-3.10129
-3.28135
-2.91315
-3.09862
-3.45204
-3.52149
-2.92624
-2.86583
-2.89657
-2.59942
-2.62807
-2.68551
-2.49742
-2.52225
-2.53842
-2.33642
-2.34899
-2.44743
-2.51279
-2.47228
-2.50247
-2.53342
-2.49771
-2.51703
-2.5383
-2.5123
-2.53159
-2.56328
-2.56637
-2.50427
-2.49415
-2.49058
-2.4499
-2.44368
-2.43819
-2.40207
-2.39465
-2.39894
-2.40292
-29.2195
-29.5075
-30.1116
-31.0871
-32.494
-34.2711
-35.6602
-33.2749
-19.9335
-17.5682
-16.9559
-10.2558
-10.0893
-10.4768
-6.15253
-6.33292
-6.46666
-2.23638
-2.31571
-3.70498
-4.46283
-2.99992
-3.323
-3.72529
-2.68071
-2.93969
-3.28362
-2.67714
-2.97263
-3.48999
-3.64962
-2.7587
-2.7813
-2.91137
-2.46831
-2.5675
-2.69622
-2.40827
-2.48551
-2.54932
-2.24361
-2.28363
-2.42542
-2.51625
-2.43851
-2.48616
-2.53493
-2.47277
-2.50514
-2.53933
-2.49337
-2.52227
-2.56865
-2.57983
-2.48852
-2.4867
-2.49287
-2.43541
-2.4363
-2.43742
-2.38653
-2.38168
-2.38999
-2.39576
-29.3794
-29.6931
-30.3588
-31.4609
-33.1286
-35.4595
-37.9393
-36.5527
-17.7966
-16.9457
-17.976
-8.5035
-9.58753
-11.1842
-4.88678
-6.03907
-7.07507
-0.863389
-1.51822
-3.58689
-4.77867
-2.45406
-3.13695
-3.89222
-2.25761
-2.77761
-3.3689
-2.37247
-2.83262
-3.55779
-3.86417
-2.51855
-2.69097
-2.97562
-2.29545
-2.50694
-2.7429
-2.29106
-2.45154
-2.59206
-2.12456
-2.21214
-2.40882
-2.53431
-2.39523
-2.47045
-2.54605
-2.44064
-2.4936
-2.54732
-2.46869
-2.5118
-2.57687
-2.60166
-2.46561
-2.47885
-2.5006
-2.41643
-2.4292
-2.44121
-2.36762
-2.3681
-2.38161
-2.3894
-29.5069
-29.842
-30.56
-31.7728
-33.6825
-36.5851
-40.432
-41.0787
-14.3193
-16.1982
-19.7917
-5.98245
-9.06603
-12.4924
-3.08001
-5.76731
-8.23704
0.999628
-0.64121
-3.54444
-5.36241
-1.69135
-2.9531
-4.24314
-1.68049
-2.61676
-3.5775
-1.96441
-2.67729
-3.65637
-4.20166
-2.16733
-2.59545
-3.11423
-2.0587
-2.44697
-2.84254
-2.1299
-2.42059
-2.68155
-1.9662
-2.13489
-2.39861
-2.57273
-2.33664
-2.45533
-2.57112
-2.39718
-2.48243
-2.56549
-2.43529
-2.49996
-2.58792
-2.63536
-2.43169
-2.47061
-2.51643
-2.39047
-2.42242
-2.45162
-2.34354
-2.35399
-2.37396
-2.38389
-29.604
-29.9562
-30.7159
-32.0196
-34.1391
-37.5931
-43.0544
-47.4148
-8.89623
-15.356
-22.802
-2.33424
-8.54151
-14.6836
-0.466149
-5.52329
-10.2056
3.57814
0.291471
-3.58384
-6.32285
-0.600768
-2.77503
-4.86084
-0.872319
-2.46095
-3.96541
-1.40374
-2.50892
-3.78269
-4.71336
-1.65105
-2.49723
-3.36197
-1.72649
-2.38896
-3.01891
-1.90224
-2.39309
-2.83855
-1.7499
-2.05384
-2.39535
-2.63944
-2.25454
-2.44099
-2.61623
-2.33656
-2.47182
-2.59839
-2.38898
-2.48682
-2.6014
-2.68591
-2.38141
-2.46211
-2.54405
-2.35399
-2.41605
-2.47156
-2.31174
-2.33971
-2.36723
-2.3793
-29.6732
-30.0377
-30.8282
-32.2006
-34.486
-38.423
-45.6412
-56.3472
-0.69614
-14.4821
-27.5505
2.94179
-8.04345
-18.143
3.32471
-5.31497
-13.3254
7.18783
1.2248
-3.69846
-7.80843
0.971151
-2.6104
-5.85851
0.274215
-2.31735
-4.60875
-0.621805
-2.33617
-3.92688
-5.47024
-0.895385
-2.4018
-3.76631
-1.25474
-2.33549
-3.3045
-1.57674
-2.36972
-3.09138
-1.44965
-1.97356
-2.39872
-2.74529
-2.13766
-2.4279
-2.68974
-2.25068
-2.46214
-2.65227
-2.32401
-2.473
-2.61625
-2.76022
-2.30741
-2.45379
-2.58858
-2.30212
-2.41028
-2.50496
-2.26862
-2.32598
-2.36169
-2.37571
-29.7167
-30.0892
-30.8997
-32.3172
-34.716
-39.0153
-47.9075
-68.9564
11.402
-13.6876
-34.7613
10.5293
-7.62047
-23.3862
8.79504
-5.15424
-18.0573
12.2625
2.05612
-3.85917
-10.0194
3.23193
-2.47311
-7.38757
1.90533
-2.19815
-5.60879
0.475427
-2.17798
-4.06823
-6.56906
0.200028
-2.31895
-4.39051
-0.583408
-2.29107
-3.74285
-1.11093
-2.35168
-3.47798
-1.02972
-1.90257
-2.4068
-2.90495
-1.9708
-2.41705
-2.80294
-2.12862
-2.45412
-2.7355
-2.23257
-2.46003
-2.63041
-2.8678
-2.19986
-2.44647
-2.65692
-2.22827
-2.40551
-2.55715
-2.2093
-2.31413
-2.35759
-2.37316
-29.7374
-30.1137
-30.9339
-32.3733
-34.8286
-39.3235
-49.401
-86.6999
28.8842
-13.1498
-45.3783
21.342
-7.34853
-31.0889
16.6125
-5.05915
-25.0063
19.3873
2.61355
-4.00104
-13.2224
6.45655
-2.38592
-9.64665
4.21605
-2.12286
-7.09774
2.01441
-2.06894
-4.17011
-8.13979
1.76817
-2.26469
-5.31724
0.367588
-2.26299
-4.39123
-0.448545
-2.34099
-4.04831
-0.44214
-1.85526
-2.41517
-3.13814
-1.73402
-2.4102
-2.97082
-1.95602
-2.44907
-2.85925
-2.10434
-2.45094
-2.64043
-3.02161
-2.04589
-2.44164
-2.75827
-2.12385
-2.40253
-2.63525
-2.12732
-2.3064
-2.35537
-2.37186
)
;

boundaryField
{
    left
    {
        type            calculated;
        value           nonuniform List<scalar> 
32
(
-20.3454
-20.4224
-20.5687
-20.7761
-21.0375
-21.3464
-21.6969
-22.0832
-22.5
-22.9419
-23.4032
-23.8786
-24.3625
-24.8493
-25.3335
-25.8097
-26.2725
-26.7172
-27.1392
-27.5347
-27.9004
-28.2338
-28.533
-28.7971
-29.0258
-29.2195
-29.3794
-29.5069
-29.604
-29.6732
-29.7167
-29.7374
)
;
    }
    right
    {
        type            calculated;
        value           nonuniform List<scalar> 
32
(
-2.60145
-2.5998
-2.59667
-2.59227
-2.58678
-2.58034
-2.5731
-2.56519
-2.55672
-2.54777
-2.53844
-2.52879
-2.51889
-2.5088
-2.49858
-2.48828
-2.47796
-2.46767
-2.45749
-2.44747
-2.4377
-2.42827
-2.41927
-2.41079
-2.40292
-2.39576
-2.3894
-2.38389
-2.3793
-2.37571
-2.37316
-2.37186
)
;
    }
    interface
    {
        type            calculated;
        value           nonuniform List<scalar> 
64
(
-29.7423
-30.1196
-30.942
-32.3868
-34.856
-39.4019
-49.8858
-97.0637
39.1824
-12.9719
-51.6713
27.6848
-7.26183
-35.6507
21.2028
-5.03075
-29.1206
23.546
2.79723
-4.05644
-15.1099
8.34885
-2.35835
-10.9868
5.56906
-2.09916
-7.98308
2.9124
-2.0322
-4.20543
-9.06172
2.6893
-2.24717
-5.86791
0.924389
-2.25417
-4.77602
-0.0602264
-2.33782
-4.38649
-0.0995813
-1.83977
-2.4187
-3.27594
-1.59533
-2.40807
-3.07056
-1.85505
-2.44751
-2.93284
-2.02957
-2.44785
-2.64388
-3.11194
-1.95549
-2.44009
-2.81851
-2.0628
-2.40162
-2.6818
-2.07976
-2.30393
-2.35479
-2.37156
)
;
    }
    bottom
    {
        type            calculated;
        value           nonuniform List<scalar> 
64
(
-20.3253
-20.2303
-20.0414
-19.7609
-19.3922
-18.9405
-18.4126
-17.8167
-17.1628
-16.4618
-15.7257
-14.9663
-14.1955
-13.4243
-12.6626
-11.919
-11.2006
-10.5131
-9.86049
-9.24556
-8.66981
-8.13368
-7.63675
-7.17794
-6.75566
-6.36799
-6.01278
-5.68778
-5.39075
-5.11946
-4.87182
-4.64586
-4.43978
-4.25194
-4.08085
-3.92518
-3.7837
-3.65532
-3.539
-3.4338
-3.33883
-3.25324
-3.17624
-3.10707
-3.04501
-2.98938
-2.93953
-2.8949
-2.85493
-2.81914
-2.7871
-2.75843
-2.7328
-2.70993
-2.68961
-2.67164
-2.65589
-2.64225
-2.63064
-2.62102
-2.61335
-2.60761
-2.60379
-2.60188
)
;
    }
    defaultFaces
    {
        type            empty;
    }
}


// ************************************************************************* //
