/*--------------------------------*- C++ -*----------------------------------*\
| =========                 |                                                 |
| \\      /  F ield         | OpenFOAM: The Open Source CFD Toolbox           |
|  \\    /   O peration     | Version:  5.x                                   |
|   \\  /    A nd           | Web:      www.OpenFOAM.org                      |
|    \\/     M anipulation  |                                                 |
\*---------------------------------------------------------------------------*/
FoamFile
{
    version     2.0;
    format      ascii;
    class       volScalarField;
    location    "8.2";
    object      gradTx;
}
// * * * * * * * * * * * * * * * * * * * * * * * * * * * * * * * * * * * * * //

dimensions      [0 -1 0 1 0 0 0];

internalField   nonuniform List<scalar> 
2048
(
0.0221767
0.0662832
0.109626
0.151628
0.191632
0.228908
0.262698
0.292271
0.317006
0.336452
0.350379
0.358794
0.361927
0.360197
0.354164
0.344479
0.331837
0.316931
0.300426
0.282927
0.264963
0.246978
0.229325
0.212273
0.196013
0.180669
0.166309
0.152955
0.140591
0.129172
0.118636
0.108905
0.0999005
0.0915442
0.0837662
0.0765064
0.069716
0.0633573
0.0574024
0.0518318
0.046632
0.0417939
0.0373102
0.0331743
0.0293782
0.0259118
0.0227626
0.0199157
0.0173539
0.0150589
0.0130111
0.0111905
0.00957709
0.00815092
0.00689266
0.00578355
0.00480557
0.00394141
0.00317447
0.0024887
0.00186859
0.00129903
0.00076522
0.000252715
0.0657643
0.196582
0.325194
0.449907
0.56877
0.679598
0.780091
0.868033
0.941528
0.999206
1.04037
1.06506
1.07397
1.0684
1.05002
1.02082
0.982869
0.938256
0.888961
0.836791
0.783319
0.729857
0.677448
0.62688
0.578708
0.533292
0.490823
0.451357
0.414842
0.381139
0.350053
0.321353
0.294796
0.270151
0.247207
0.225785
0.205742
0.186967
0.16938
0.152922
0.137558
0.123261
0.110012
0.0977913
0.0865773
0.0763401
0.0670426
0.0586403
0.0510824
0.0443138
0.0382765
0.032911
0.0281576
0.0239575
0.0202532
0.0169893
0.0141124
0.0115715
0.00931741
0.00730292
0.00548216
0.00381052
0.00224445
0.000741212
0.107984
0.322851
0.534282
0.739565
0.935493
1.1184
1.28435
1.42954
1.5507
1.64546
1.71266
1.75237
1.76584
1.7553
1.72364
1.6742
1.61047
1.53595
1.45393
1.36742
1.279
1.19082
1.10458
1.02154
0.942584
0.868265
0.798874
0.734479
0.674972
0.620108
0.569545
0.522888
0.479725
0.439662
0.40235
0.367494
0.334862
0.304275
0.275605
0.248767
0.223701
0.200374
0.178756
0.158822
0.140537
0.123853
0.10871
0.0950332
0.0827394
0.0717367
0.0619292
0.0532188
0.0455072
0.0386979
0.0326964
0.0274122
0.0227581
0.0186508
0.0150104
0.0117599
0.00882461
0.00613185
0.00361116
0.00119258
0.149117
0.445976
0.738478
1.02303
1.29519
1.54972
1.78091
1.98312
2.15149
2.28253
2.37455
2.42776
2.44407
2.42677
2.38011
2.30888
2.21809
2.11268
1.99731
1.87616
1.75283
1.63029
1.51082
1.39612
1.28734
1.18518
1.09
1.00184
0.920515
0.845652
0.776739
0.713195
0.654422
0.599858
0.54901
0.50147
0.456921
0.415127
0.375922
0.339194
0.304878
0.272933
0.243332
0.216045
0.19103
0.168224
0.147541
0.128879
0.11212
0.0971343
0.0837892
0.071948
0.0614745
0.052235
0.0440996
0.0369435
0.0306475
0.0250975
0.0201846
0.0158037
0.0118526
0.00823207
0.00484682
0.00160071
0.189323
0.566471
0.938773
1.30193
1.6503
1.97696
2.27409
2.5339
2.74961
2.91641
3.03205
3.09696
3.11389
3.08744
3.0234
2.92817
2.80839
2.6705
2.52058
2.36402
2.20545
2.04859
1.89629
1.75058
1.61282
1.48383
1.36395
1.25318
1.15124
1.05757
0.971478
0.892164
0.81882
0.750701
0.687165
0.627697
0.571903
0.519497
0.470285
0.424144
0.381006
0.340838
0.303621
0.269331
0.23792
0.209312
0.183398
0.160043
0.139094
0.120385
0.103743
0.0889935
0.0759633
0.064482
0.0543848
0.0455142
0.0377199
0.0308593
0.0247959
0.0193981
0.0145382
0.0100914
0.00593957
0.0019616
0.228638
0.684498
1.1356
1.57718
2.00245
2.40258
2.76729
3.0861
3.34986
3.55215
3.69015
3.76463
3.77951
3.74097
3.65659
3.53459
3.38333
3.2109
3.0248
2.83172
2.63729
2.44597
2.26108
2.08493
1.91901
1.76414
1.62065
1.48844
1.36708
1.25584
1.15378
1.05985
0.973009
0.892298
0.816929
0.746282
0.679899
0.617459
0.558749
0.503645
0.452089
0.404068
0.359583
0.318623
0.281141
0.247047
0.216207
0.188453
0.163594
0.141423
0.12173
0.1043
0.0889231
0.0753931
0.063511
0.0530875
0.0439431
0.0359079
0.0288201
0.0225235
0.0168659
0.0116989
0.00688288
0.00227304
0.266981
0.799881
1.32886
1.84901
2.35249
2.82832
3.2632
3.64327
3.95636
4.1941
4.35305
4.43463
4.44428
4.39017
4.28198
4.12997
3.94434
3.73488
3.51066
3.27967
3.04859
2.82256
2.6053
2.39926
2.20596
2.02618
1.86016
1.70767
1.56813
1.44059
1.32382
1.21647
1.11721
1.02488
0.938522
0.857428
0.78109
0.709166
0.641439
0.577795
0.518198
0.462666
0.411237
0.363922
0.320682
0.281413
0.245952
0.214092
0.185602
0.160233
0.137734
0.117852
0.10034
0.0849556
0.0714668
0.0596532
0.0493074
0.0402346
0.0322494
0.025173
0.0188305
0.0130507
0.00767444
0.00253427
0.304163
0.912114
1.51794
2.11703
2.70059
3.25524
3.76393
4.20846
4.57278
4.84609
5.02438
5.11011
5.11081
5.03713
4.90123
4.71556
4.49233
4.24309
3.97854
3.70809
3.43946
3.17845
2.92903
2.69369
2.47383
2.27011
2.08264
1.91106
1.7546
1.61204
1.48186
1.36232
1.25177
1.14878
1.05226
0.961416
0.875725
0.794836
0.718542
0.646748
0.579452
0.516721
0.458644
0.405272
0.356576
0.312436
0.272655
0.236982
0.205139
0.176833
0.151773
0.129666
0.110229
0.0931836
0.0782647
0.0652217
0.0538215
0.043846
0.0350888
0.0273504
0.0204346
0.0141487
0.00831538
0.00274565
0.339884
1.02038
1.70172
2.38019
3.04627
3.68381
4.27114
4.78441
5.20249
5.5116
5.70728
5.79366
5.78108
5.68333
5.51539
5.29216
5.02786
4.73586
4.42857
4.11696
3.80987
3.51365
3.23238
2.96839
2.72285
2.49619
2.28836
2.09887
1.92675
1.77054
1.62829
1.49783
1.37709
1.2644
1.15851
1.05858
0.9641
0.874731
0.790287
0.7107
0.636011
0.566357
0.5019
0.442747
0.388887
0.340177
0.296375
0.25718
0.222258
0.191274
0.163892
0.139784
0.118628
0.100112
0.0839357
0.0698203
0.0575079
0.0467605
0.037353
0.0290671
0.0216869
0.0149991
0.00880947
0.00290843
0.37375
1.12357
1.87863
2.63685
3.38836
4.11395
4.78613
5.37366
5.84874
6.19387
6.40452
6.48735
6.45649
6.32964
6.12506
5.86016
5.55117
5.21326
4.86067
4.50613
4.15969
3.82815
3.51547
3.22362
2.95334
2.70478
2.47768
2.27144
2.08495
1.91645
1.76354
1.62347
1.49369
1.37222
1.2577
1.1493
1.04655
0.949144
0.856934
0.769877
0.688065
0.611723
0.541121
0.476447
0.417705
0.364722
0.317198
0.274766
0.237038
0.203628
0.174158
0.148265
0.125592
0.10579
0.0885255
0.0734885
0.0604001
0.0490055
0.0390641
0.0303409
0.022601
0.0156117
0.00916252
0.00302457
0.405278
1.22031
2.04663
2.88478
3.72508
4.54502
5.30991
5.97872
6.51479
6.89604
7.11853
7.19274
7.13787
6.97644
6.73038
6.41963
6.06228
5.6752
5.2746
4.87529
4.4887
4.12192
3.77849
3.4597
3.16573
2.8963
2.651
2.42916
2.22958
2.05023
1.88814
1.73982
1.60212
1.47276
1.35029
1.23397
1.12341
1.01839
0.918765
0.824529
0.735824
0.652985
0.576439
0.506482
0.443136
0.386177
0.335229
0.289847
0.249577
0.213984
0.182654
0.155186
0.131191
0.110283
0.0920906
0.0762754
0.0625392
0.0506148
0.0402495
0.0311934
0.0231938
0.0159985
0.0093819
0.00309652
0.433918
1.309
2.20328
3.12113
4.05396
4.97587
5.84327
6.60222
7.20406
7.6212
7.85147
7.91093
7.82548
7.62358
7.3311
6.97038
6.56111
6.12152
5.66999
5.22399
4.79661
4.39495
4.02166
3.67708
3.36053
3.07128
2.80882
2.57247
2.36104
2.17232
2.00263
1.8475
1.703
1.56656
1.43677
1.31299
1.19505
1.08278
0.976074
0.874925
0.779513
0.690318
0.607987
0.53297
0.465298
0.404663
0.35059
0.30254
0.259987
0.222448
0.189472
0.160631
0.135501
0.113661
0.0946959
0.0782373
0.0639718
0.0516262
0.0409399
0.0316496
0.0234845
0.0161735
0.00947608
0.00312714
0.459068
1.38787
2.34579
3.34252
4.37184
5.40473
6.38683
7.24705
7.9203
8.37244
8.60517
8.64254
8.51904
8.27042
7.92666
7.51207
7.04749
6.55201
6.04639
5.55169
5.08311
4.64727
4.24532
3.87628
3.53837
3.23033
2.95166
2.7018
2.47974
2.28318
2.10762
1.94717
1.79698
1.65422
1.5176
1.38676
1.2618
1.14264
1.02916
0.921346
0.819373
0.723898
0.635898
0.556032
0.484316
0.420314
0.36342
0.312981
0.268393
0.229131
0.194716
0.16469
0.138606
0.116001
0.0964122
0.0794348
0.0647479
0.0520801
0.041168
0.0317358
0.0234942
0.0161519
0.00945439
0.00311954
0.48011
1.45506
2.47109
3.545
4.67481
5.8292
6.94109
7.91656
8.66774
9.15288
9.38117
9.38763
9.21765
8.91589
8.5162
8.04421
7.52133
6.96655
6.40323
5.85768
5.34783
4.87897
4.4499
4.05796
3.69999
3.37412
3.0801
2.81761
2.58603
2.38327
2.20374
2.0396
1.88474
1.73631
1.59326
1.45565
1.32399
1.19828
1.07833
0.964089
0.855657
0.7539
0.66029
0.575784
0.500324
0.433273
0.373865
0.321312
0.274926
0.234153
0.198489
0.167457
0.140592
0.117387
0.0973147
0.0799319
0.0649186
0.0520175
0.0409674
0.0314797
0.0232447
0.0159499
0.00932669
0.00307706
0.496434
1.50867
2.57595
3.72418
4.95817
6.24609
7.50639
8.61478
9.4513
9.9656
10.1806
10.1458
9.91978
9.55845
9.09865
8.56623
7.98271
7.36517
6.73987
6.14106
5.59036
5.09025
4.63594
4.22292
3.84624
3.5034
3.19478
2.92037
2.68023
2.47297
2.29168
2.12558
1.96701
1.81342
1.66421
1.52
1.38192
1.25
1.12388
1.00346
0.88863
0.780487
0.681264
0.592336
0.51346
0.443691
0.382083
0.327687
0.279723
0.237635
0.2009
0.169026
0.141545
0.117902
0.0974821
0.0797942
0.0645352
0.0514787
0.0403711
0.0309089
0.0227583
0.0155841
0.00910322
0.00300315
0.50748
1.54692
2.65708
3.87525
5.21638
6.65129
8.08289
9.34677
10.2768
10.8136
11.0041
10.916
10.6232
10.1962
9.6728
9.07752
8.43195
7.7482
7.05552
6.40067
5.81032
5.28147
4.80407
4.37206
3.97809
3.61893
3.29635
3.01054
2.76253
2.55262
2.37219
2.20603
2.04451
1.88613
1.73088
1.58008
1.43587
1.29808
1.1661
1.0398
0.918584
0.803805
0.69889
0.605789
0.52387
0.451725
0.388237
0.332263
0.282922
0.239701
0.202058
0.169487
0.141549
0.117633
0.0969958
0.0790876
0.0636474
0.0505023
0.0394116
0.0300508
0.0220575
0.0150713
0.00879442
0.00290134
0.51277
1.5682
2.7113
3.99312
5.44302
7.03948
8.67044
10.119
11.1512
11.6993
11.8519
11.6968
11.3249
10.8269
10.2374
9.57732
8.8698
8.11641
7.34919
6.63497
6.00737
5.4532
4.95504
4.50647
4.09665
3.7215
3.38552
3.08859
2.833
2.6224
2.44609
2.28196
2.11794
1.95499
1.79367
1.63612
1.48608
1.34281
1.20524
1.07345
0.945839
0.823974
0.713194
0.61624
0.531715
0.457539
0.3925
0.335206
0.28466
0.240471
0.202068
0.168928
0.140684
0.116665
0.0959406
0.0778778
0.0623014
0.0491241
0.0381196
0.0289326
0.0211649
0.0144284
0.00841082
0.00277517
0.511949
1.57119
2.73573
4.0726
5.63076
7.40389
9.26836
10.9397
12.0831
12.6246
12.7234
12.4862
12.0209
11.4481
10.7912
10.0646
9.29757
8.47126
7.61954
6.8419
6.18128
5.60634
5.0896
4.62733
4.20317
3.81183
3.46309
3.15505
2.8915
2.68236
2.51435
2.35455
2.18795
2.02052
1.85298
1.68822
1.53275
1.38447
1.24154
1.10481
0.97077
0.841073
0.724141
0.623778
0.537172
0.461294
0.395047
0.336688
0.285065
0.240063
0.201038
0.167425
0.139021
0.115089
0.0944048
0.0762287
0.0605394
0.047376
0.0365244
0.0275807
0.0201026
0.0136723
0.00796287
0.00262817
0.504808
1.55499
2.72792
4.1086
5.77141
7.73585
9.87506
11.82
13.083
13.5894
13.6176
13.2825
12.7058
12.0574
11.3335
10.538
9.71735
8.81518
7.86466
7.01863
6.3321
5.74226
5.20843
4.73602
4.2991
3.89052
3.5299
3.21056
2.93759
2.73227
2.57815
2.4252
2.25506
2.08321
1.9092
1.73636
1.57609
1.42333
1.27513
1.13431
0.99383
0.855119
0.731616
0.628502
0.540453
0.463145
0.396059
0.336888
0.284258
0.238594
0.199076
0.165046
0.136622
0.112995
0.0924822
0.0742014
0.058397
0.045286
0.0346537
0.026021
0.0188924
0.0128197
0.00746091
0.00246376
0.491315
1.5192
2.68611
4.09638
5.85602
8.02439
10.4873
12.7746
14.1643
14.5912
14.5327
14.0838
13.3726
12.6525
11.8638
10.9948
10.1323
9.15205
8.08179
7.16125
6.46033
5.86297
5.31191
4.83408
4.38615
3.95784
3.58696
3.25598
2.97049
2.77152
2.63896
2.49561
2.31951
2.14352
1.96277
1.78033
1.61629
1.45975
1.30603
1.16247
1.01559
0.866039
0.735397
0.63053
0.541817
0.463227
0.395719
0.336
0.282334
0.236174
0.196292
0.161844
0.133536
0.110477
0.0902744
0.0718527
0.0559022
0.042877
0.0325338
0.0242789
0.0175557
0.0118871
0.00691502
0.00228527
0.471619
1.46392
2.60931
4.03187
5.87512
8.25579
11.0994
13.8231
15.344
15.6225
15.4669
14.8898
14.0116
13.2319
12.3832
11.4306
10.5468
9.48782
8.26679
7.26443
6.5673
5.97141
5.3998
4.92333
4.46644
4.01352
3.6355
3.29253
2.98888
2.79902
2.69875
2.56789
2.38114
2.20191
2.01425
1.81959
1.65361
1.49416
1.33406
1.18989
1.03681
0.873626
0.735117
0.630031
0.541594
0.461631
0.394218
0.334236
0.279362
0.232911
0.19281
0.157854
0.129791
0.107636
0.0878936
0.0692324
0.0530736
0.0401672
0.0301907
0.0223795
0.0161132
0.0108904
0.00633499
0.00209587
0.446056
1.38989
2.49755
3.91202
5.81907
8.41306
11.7013
14.9921
16.6438
16.6687
16.4184
15.7022
14.609
13.7956
12.8941
11.8378
10.9675
9.8313
8.41346
7.3209
6.65558
6.07175
5.47068
5.00598
4.54266
4.05642
3.67707
3.32206
2.99072
2.81293
2.76016
2.64474
2.43903
2.25892
2.06445
1.85317
1.6884
1.52715
1.35865
1.21736
1.0585
0.877471
0.73023
0.627253
0.540211
0.458372
0.391756
0.331845
0.275356
0.228914
0.188768
0.153086
0.125393
0.104587
0.085467
0.06638
0.0499181
0.0371704
0.0276504
0.0203478
0.0145848
0.00984544
0.00573027
0.00189855
0.415132
1.29835
2.35186
3.73515
5.67861
8.47569
12.2765
16.3172
18.0925
17.7039
17.3873
16.5268
15.1449
14.3458
13.4023
12.2038
11.4033
10.1954
8.51258
7.32088
6.72971
6.16988
5.52123
5.08483
4.61845
4.08394
3.71374
3.3473
2.97308
2.81042
2.82681
2.72965
2.49115
2.31525
2.11459
1.87941
1.72122
1.55962
1.37874
1.24585
1.08206
0.876879
0.719963
0.622585
0.538233
0.453333
0.388556
0.329128
0.270256
0.224296
0.18434
0.147517
0.120316
0.101457
0.083142
0.0633198
0.0464304
0.0338959
0.0249407
0.0182086
0.0129888
0.00876735
0.00511001
0.0016962
0.3795
1.19112
2.17441
3.50126
5.44557
8.41953
12.7988
17.8463
19.728
18.6856
18.3767
17.3755
15.5901
14.8886
13.9177
12.5077
11.8672
10.5985
8.55059
7.25142
6.79697
6.27399
5.54502
5.16371
4.69879
4.09125
3.74837
3.37234
2.93174
2.78732
2.90367
2.82719
2.53376
2.37199
2.16654
1.8956
1.753
1.5929
1.3924
1.27667
1.10937
0.870735
0.703262
0.616617
0.536406
0.446188
0.384878
0.326466
0.263887
0.219186
0.179744
0.14108
0.114496
0.0984016
0.0810926
0.0600537
0.042591
0.0303503
0.0220923
0.0159865
0.0113425
0.00767113
0.00448312
0.00149159
0.339924
1.07041
1.96838
3.21232
5.11386
8.21725
13.2276
19.6433
21.6012
19.5467
19.396
18.27
15.9011
15.4361
14.4571
12.7169
12.3773
11.0663
8.50778
7.09569
6.86853
6.39533
5.53102
5.24798
4.79071
4.07026
3.785
3.40311
2.8609
2.73767
2.99757
2.9434
2.56058
2.43086
2.22313
1.89751
1.78525
1.629
1.3965
1.31159
1.14302
0.857338
0.678747
0.610231
0.53572
0.4363
0.381056
0.324363
0.255907
0.213744
0.175267
0.133646
0.107822
0.0956078
0.0795269
0.0565518
0.0383669
0.0265382
0.019141
0.0137057
0.00966047
0.00657164
0.00385838
0.00128746
0.297242
0.938774
1.7379
2.87245
4.68044
7.83944
13.5018
21.7927
23.7804
20.1861
20.4651
19.2456
16.0144
16.0094
15.0464
12.7816
12.959
11.6342
8.356
6.8322
6.96075
6.54918
5.46142
5.34541
4.90406
4.00811
3.82937
3.44803
2.75265
2.65314
3.11772
3.08631
2.56177
2.4947
2.28866
1.87871
1.82034
1.6709
1.38616
1.35308
1.18654
0.834174
0.644663
0.604706
0.537474
0.422575
0.377541
0.32349
0.245734
0.208183
0.17129
0.125011
0.100124
0.09331
0.0786961
0.0527395
0.0337127
0.022464
0.0161294
0.0113893
0.00795466
0.00548392
0.0032445
0.00108659
0.252321
0.798952
1.48784
2.48792
4.14652
7.25683
13.5316
24.4054
26.3578
20.4551
21.6198
20.3564
15.8376
16.6423
15.7251
12.6275
13.648
12.3501
8.05574
6.43415
7.0967
6.75608
5.30896
5.46734
5.05264
3.88527
3.88971
3.51876
2.59646
2.52243
3.27647
3.26657
2.52245
2.56804
2.36934
1.82966
1.86195
1.72293
1.35402
1.40455
1.24458
0.797627
0.598846
0.601835
0.543367
0.403274
0.374977
0.324752
0.232452
0.202808
0.168317
0.114862
0.0911647
0.0918023
0.0789042
0.0484807
0.0285741
0.0181333
0.0131087
0.00905793
0.00623334
0.00442369
0.00265009
0.000891768
0.206017
0.653737
1.22354
2.06697
3.51857
6.44387
13.1883
27.6251
29.4576
20.141
22.9204
21.6819
15.2381
17.3868
16.5504
12.1472
14.4944
13.2769
7.55252
5.86884
7.3078
7.0434
5.03336
5.63028
5.25557
3.67306
3.97776
3.63097
2.37851
2.3305
3.49005
3.49831
2.42101
2.65791
2.47407
1.73651
1.91558
1.79127
1.28938
1.47079
1.32329
0.742614
0.53872
0.604059
0.555603
0.375779
0.374297
0.329361
0.214686
0.198059
0.167007
0.102752
0.0806294
0.0914549
0.0805201
0.0435576
0.022895
0.0135541
0.0101419
0.00672901
0.00450032
0.00340794
0.00208345
0.000705658
0.159139
0.505843
0.950553
1.61947
2.80913
5.38411
12.2912
31.6358
33.2461
18.9463
24.4612
23.3342
14.0295
18.3194
17.6033
11.1888
15.5673
14.4963
6.77258
5.09738
7.6356
7.44721
4.57707
5.85792
5.53892
3.33061
4.11012
3.80523
2.08105
2.05768
3.7794
3.80018
2.22685
2.77497
2.61516
1.57966
1.9893
1.88454
1.17705
1.55845
1.43058
0.662151
0.461317
0.6146
0.577018
0.336301
0.376859
0.338924
0.190449
0.194584
0.16821
0.0880563
0.0681187
0.0927315
0.0839896
0.0376443
0.0166275
0.00873686
0.00730523
0.00441425
0.00275413
0.00245571
0.00155189
0.000530487
0.112421
0.35779
0.674344
1.15634
2.03705
4.07781
10.5925
36.6701
37.9446
16.4642
26.3835
25.4671
11.9547
19.5497
18.9954
9.54268
16.9617
16.1123
5.61782
4.07481
8.13341
8.01466
3.86011
6.18377
5.93762
2.80114
4.31002
4.06783
1.6816
1.67881
4.17109
4.19661
1.89775
2.93476
2.80928
1.33197
2.09457
2.01448
0.996019
1.6767
1.57648
0.546836
0.363357
0.637583
0.611229
0.279535
0.384614
0.355544
0.156954
0.193323
0.172996
0.0699325
0.053143
0.0962073
0.0898497
0.0302768
0.00974679
0.0036937
0.00469143
0.00211742
0.000987225
0.00158895
0.00106066
0.000367495
0.0664996
0.211811
0.39998
0.688827
1.22702
2.55206
7.75869
43.0177
43.8443
12.1495
28.8918
28.2854
8.6657
21.23
20.8767
6.92549
18.8063
18.2538
3.96016
2.75066
8.8677
8.80681
2.774
6.65423
6.49757
2.00763
4.60942
4.45149
1.15228
1.16226
4.69816
4.71941
1.37681
3.15943
3.07849
0.956642
2.24734
2.19675
0.717862
1.83805
1.77347
0.384253
0.241383
0.678144
0.662823
0.19825
0.400323
0.381917
0.110399
0.195622
0.182688
0.0472679
0.0351217
0.102587
0.0987433
0.0208171
0.00227207
-0.00156492
0.00241234
-0.000168586
-0.000814632
0.000833518
0.000611217
0.000216133
0.021904
0.0697955
0.131922
0.227661
0.407931
0.873601
3.34983
51.0342
51.3245
5.28521
32.2711
32.0553
3.70109
23.567
23.4445
2.96239
21.2731
21.0785
1.63531
1.07021
9.91914
9.90192
1.17498
7.33235
7.278
0.847911
5.05175
4.99596
0.459033
0.468965
5.40087
5.40952
0.58892
3.47964
3.4513
0.404809
2.46925
2.4518
0.30494
2.05933
2.03673
0.158325
0.0919765
0.742489
0.73756
0.0828352
0.42781
0.421447
0.0457147
0.20337
0.198881
0.0186258
0.0133876
0.112718
0.111436
0.00841308
-0.00570776
-0.00703594
0.000602259
-0.00246524
-0.00267282
0.000220219
0.000198881
7.30403e-05
)
;

boundaryField
{
    left
    {
        type            calculated;
        value           uniform 0;
    }
    right
    {
        type            calculated;
        value           uniform 0;
    }
    interface
    {
        type            calculated;
        value           nonuniform List<scalar> 
64
(
0.021904
0.0697955
0.131922
0.227661
0.407931
0.873601
3.34983
51.0342
51.3245
5.28521
32.2711
32.0553
3.70109
23.567
23.4445
2.96239
21.2731
21.0785
1.63531
1.07021
9.91914
9.90192
1.17498
7.33235
7.278
0.847911
5.05175
4.99596
0.459033
0.468965
5.40087
5.40952
0.58892
3.47964
3.4513
0.404809
2.46925
2.4518
0.30494
2.05933
2.03673
0.158325
0.0919765
0.742489
0.73756
0.0828352
0.42781
0.421447
0.0457147
0.20337
0.198881
0.0186258
0.0133876
0.112718
0.111436
0.00841308
-0.00570776
-0.00703594
0.000602259
-0.00246524
-0.00267282
0.000220219
0.000198881
7.30403e-05
)
;
    }
    bottom
    {
        type            calculated;
        value           nonuniform List<scalar> 
64
(
0.0221767
0.0662832
0.109626
0.151628
0.191632
0.228908
0.262698
0.292271
0.317006
0.336452
0.350379
0.358794
0.361927
0.360197
0.354164
0.344479
0.331837
0.316931
0.300426
0.282927
0.264963
0.246978
0.229325
0.212273
0.196013
0.180669
0.166309
0.152955
0.140591
0.129172
0.118636
0.108905
0.0999005
0.0915442
0.0837662
0.0765064
0.069716
0.0633573
0.0574024
0.0518318
0.046632
0.0417939
0.0373102
0.0331743
0.0293782
0.0259118
0.0227626
0.0199157
0.0173539
0.0150589
0.0130111
0.0111905
0.00957709
0.00815092
0.00689266
0.00578355
0.00480557
0.00394141
0.00317447
0.0024887
0.00186859
0.00129903
0.00076522
0.000252715
)
;
    }
    defaultFaces
    {
        type            empty;
    }
}


// ************************************************************************* //
