/*--------------------------------*- C++ -*----------------------------------*\
| =========                 |                                                 |
| \\      /  F ield         | OpenFOAM: The Open Source CFD Toolbox           |
|  \\    /   O peration     | Version:  5.x                                   |
|   \\  /    A nd           | Web:      www.OpenFOAM.org                      |
|    \\/     M anipulation  |                                                 |
\*---------------------------------------------------------------------------*/
FoamFile
{
    version     2.0;
    format      ascii;
    class       volScalarField;
    location    "3.1";
    object      gradTx;
}
// * * * * * * * * * * * * * * * * * * * * * * * * * * * * * * * * * * * * * //

dimensions      [0 -1 0 1 0 0 0];

internalField   nonuniform List<scalar> 
2048
(
0.0204823
0.0612037
0.101171
0.139818
0.176509
0.210541
0.241189
0.267765
0.289688
0.30655
0.318155
0.32454
0.325955
0.322832
0.315732
0.3053
0.292213
0.277143
0.260726
0.243536
0.226069
0.208738
0.191868
0.175703
0.160414
0.146108
0.132841
0.120627
0.109446
0.099252
0.0899836
0.0815674
0.0739258
0.0669817
0.0606629
0.054904
0.0496479
0.0448456
0.0404559
0.0364441
0.0327814
0.0294432
0.0264077
0.0236552
0.0211667
0.0189236
0.016907
0.015098
0.0134775
0.0120264
0.0107259
0.00955731
0.00850249
0.00754389
0.00666484
0.00584983
0.00508475
0.00435723
0.00365678
0.00297492
0.00230516
0.00164277
0.000984476
0.00032801
0.0607535
0.181558
0.300181
0.414962
0.524009
0.625217
0.716391
0.795437
0.860587
0.910595
0.944874
0.963542
0.96737
0.957672
0.936151
0.90475
0.865505
0.82043
0.771422
0.720192
0.668215
0.61671
0.566635
0.518706
0.473418
0.43108
0.391848
0.355756
0.322737
0.292654
0.265314
0.240498
0.21797
0.197501
0.178875
0.161898
0.146399
0.132237
0.119288
0.107452
0.0966441
0.086793
0.0778356
0.069714
0.0623727
0.0557569
0.049811
0.0444788
0.0397038
0.0354297
0.0316003
0.0281606
0.0250567
0.0222365
0.0196506
0.0172527
0.0150011
0.012859
0.0107952
0.00878481
0.00680873
0.00485326
0.00290915
0.000969508
0.0997973
0.298302
0.493396
0.682416
0.862248
1.02936
1.17999
1.31056
1.41798
1.50013
1.55601
1.58584
1.59098
1.57371
1.53693
1.48393
1.41815
1.34295
1.26148
1.17658
1.09068
1.00577
0.923405
0.844725
0.770514
0.701251
0.637166
0.578288
0.524492
0.475531
0.431078
0.390755
0.354167
0.320927
0.290678
0.2631
0.237916
0.214894
0.193836
0.174581
0.156995
0.140963
0.126386
0.113172
0.101232
0.090476
0.0808147
0.0721559
0.0644069
0.0574752
0.0512691
0.0456981
0.0406739
0.0361109
0.0319274
0.0280474
0.0244018
0.0209302
0.0175816
0.0143152
0.0111003
0.00791514
0.00474656
0.00158263
0.137892
0.412302
0.682366
0.944538
1.19451
1.42722
1.63722
1.81917
1.96851
2.08208
2.15845
2.19802
2.20285
2.17632
2.12267
2.04666
1.95317
1.84697
1.73251
1.61373
1.49401
1.37608
1.26204
1.15342
1.05121
0.956044
0.86817
0.78759
0.714093
0.647308
0.58675
0.531871
0.482103
0.436898
0.395755
0.35823
0.323946
0.292585
0.263885
0.237629
0.213639
0.191765
0.171877
0.153854
0.137577
0.122925
0.109774
0.0979974
0.0874681
0.0780583
0.0696415
0.0620933
0.0552917
0.0491181
0.0434593
0.0382093
0.0332722
0.0285642
0.024015
0.019569
0.0151845
0.0108328
0.0064995
0.00216832
0.175194
0.524071
0.868069
1.20293
1.52316
1.82207
2.09221
2.32617
2.51761
2.66214
2.75785
2.80542
2.80783
2.76975
2.69698
2.59586
2.47286
2.33422
2.18569
2.03239
1.8786
1.72777
1.58248
1.44457
1.31522
1.1951
1.08448
0.98328
0.891178
0.807653
0.73204
0.663599
0.601574
0.545244
0.493961
0.447163
0.404377
0.365208
0.329335
0.296496
0.266476
0.239098
0.214207
0.19166
0.171311
0.153011
0.136602
0.121925
0.108817
0.0971173
0.0866649
0.0773028
0.0688762
0.0612337
0.0542305
0.0477306
0.0416111
0.0357648
0.0301028
0.0245552
0.0190705
0.013614
0.00817286
0.00272808
0.211745
0.633779
1.05094
1.45848
1.84979
2.21632
2.54825
2.83562
3.06986
3.24509
3.3589
3.41243
3.40981
3.35733
3.2626
3.13374
2.97891
2.8059
2.62186
2.43305
2.2447
2.06089
1.88466
1.71806
1.56236
1.41825
1.28591
1.16517
1.05558
0.95643
0.866848
0.785875
0.712543
0.645949
0.585294
0.529902
0.479211
0.432762
0.390181
0.351169
0.315485
0.282931
0.25334
0.226549
0.202393
0.180693
0.161262
0.143905
0.128424
0.114626
0.102318
0.0913102
0.0814165
0.0724529
0.064242
0.0566175
0.0494287
0.0425451
0.0358592
0.0292879
0.0227708
0.0162689
0.00977302
0.00326398
0.247474
0.741272
1.23092
1.71147
2.17525
2.61165
3.00793
3.35093
3.62921
3.83506
3.96559
4.02262
4.01186
3.94162
3.82157
3.66187
3.47248
3.26284
3.04152
2.81599
2.59241
2.37549
2.16858
1.97386
1.79261
1.62543
1.47241
1.33324
1.2073
1.09366
0.99123
0.898782
0.815116
0.739127
0.669867
0.606552
0.548544
0.495329
0.446492
0.401704
0.360705
0.323292
0.28929
0.258528
0.230824
0.205973
0.183754
0.163937
0.14629
0.130586
0.116603
0.10412
0.0929204
0.0827867
0.0735083
0.0648873
0.0567443
0.0489253
0.0413045
0.0337859
0.0263014
0.0188094
0.0113075
0.00377845
0.282202
0.846081
1.40742
1.96152
2.49973
3.00911
3.47331
3.87503
4.19915
4.4357
4.58132
4.63896
4.61641
4.52448
4.37532
4.1813
3.95432
3.70549
3.44489
3.18128
2.92174
2.67152
2.43421
2.21199
2.00601
1.81674
1.64409
1.4876
1.34645
1.2195
1.10537
1.00253
0.90951
0.824995
0.747885
0.677301
0.612544
0.553057
0.498396
0.448208
0.402227
0.360249
0.32211
0.287639
0.256641
0.228883
0.204108
0.18205
0.16244
0.145022
0.129542
0.115755
0.10341
0.0922583
0.0820544
0.0725661
0.0635847
0.0549318
0.0464634
0.0380714
0.0296806
0.0212493
0.0127844
0.00427413
0.315649
0.947436
1.57942
2.20768
2.8228
3.40918
3.94601
4.41056
4.78292
5.05032
5.20908
5.26385
5.22524
5.1072
4.92474
4.69264
4.42479
4.13403
3.83201
3.52884
3.23257
2.94894
2.68159
2.43255
2.20273
1.99235
1.80114
1.62845
1.47327
1.3342
1.20954
1.09742
0.996037
0.903853
0.819624
0.742396
0.67143
0.606143
0.546065
0.490832
0.440173
0.393904
0.351882
0.313951
0.279904
0.249479
0.222379
0.198294
0.176922
0.157974
0.141173
0.126247
0.112917
0.1009
0.089913
0.0796867
0.0699818
0.060595
0.0513641
0.0421692
0.0329288
0.0236034
0.0142124
0.00475364
0.347439
1.04429
1.74541
2.44839
3.1434
3.81182
4.42728
4.95999
5.38365
5.68204
5.85149
5.89921
5.83962
5.69054
5.47027
5.19612
4.88399
4.54842
4.20271
3.85846
3.52475
3.20769
2.91079
2.63573
2.38303
2.15257
1.94387
1.75609
1.58804
1.43807
1.3041
1.18383
1.07508
0.976065
0.885414
0.802129
0.725462
0.654816
0.589706
0.529755
0.474698
0.424382
0.378709
0.337552
0.300694
0.267838
0.238638
0.212737
0.189796
0.169498
0.151543
0.135639
0.121482
0.108752
0.097123
0.0862869
0.0759714
0.0659483
0.0560371
0.0461061
0.0360673
0.0258867
0.0156
0.00521946
0.377117
1.13533
1.90347
2.68154
3.45982
4.21646
4.91815
5.52575
6.00448
6.33386
6.51087
6.54653
6.46028
6.27474
6.01191
5.69168
5.33184
4.9485
4.5567
4.1698
3.79804
3.44771
3.12193
2.82179
2.54724
2.29777
2.07264
1.87088
1.69114
1.53152
1.3895
1.26223
1.1471
1.04205
0.945622
0.856821
0.77492
0.699328
0.629545
0.565179
0.505972
0.451821
0.402703
0.35854
0.319104
0.28405
0.252973
0.225462
0.201137
0.179656
0.160706
0.143979
0.129148
0.115857
0.103727
0.0924075
0.0815914
0.0710266
0.0605142
0.0499099
0.0391185
0.0281147
0.016955
0.00567373
0.404154
1.21903
2.05128
2.90443
3.76974
4.62202
5.4194
6.11037
6.64871
7.00873
7.18925
7.20681
7.08741
6.85958
6.54932
6.17902
5.76809
5.33399
4.89359
4.46246
4.05216
3.66897
3.31521
2.99109
2.69583
2.42842
2.18792
1.97324
1.78295
1.61495
1.46619
1.33312
1.21257
1.10224
1.00064
0.906806
0.820099
0.739945
0.665824
0.597322
0.534182
0.476369
0.423983
0.37702
0.335236
0.298217
0.265483
0.236559
0.211025
0.18852
0.168722
0.151317
0.135964
0.122261
0.109772
0.0980914
0.0868809
0.0758652
0.0648274
0.0536092
0.0421051
0.0303023
0.0182847
0.00611812
0.42798
1.29371
2.18616
3.11384
4.07015
5.02685
5.93166
6.71666
7.31995
7.70964
7.88841
7.88061
7.7207
7.44439
7.08185
6.65765
6.19247
5.70462
5.21293
4.73593
4.28683
3.87149
3.4909
3.14411
2.82935
2.54506
2.29019
2.06361
1.86389
1.6888
1.5347
1.39706
1.27204
1.15713
1.05086
0.952419
0.861292
0.776935
0.698793
0.626415
0.559522
0.498176
0.442666
0.3931
0.349198
0.310446
0.276274
0.24613
0.21955
0.196165
0.175653
0.157705
0.141975
0.128014
0.115305
0.103383
0.0918788
0.0804989
0.0690084
0.0572329
0.04505
0.0324636
0.0195949
0.00655364
0.448002
1.35759
2.30519
3.306
4.35733
5.42866
6.45544
7.34786
8.02228
8.43958
8.6098
8.56801
8.35927
8.02804
7.60859
7.12699
6.60476
6.06018
5.5142
4.98958
4.50174
4.05536
3.64939
3.28141
2.94843
2.64832
2.38002
2.14245
1.93434
1.75351
1.59557
1.45467
1.32607
1.20719
1.0967
0.993985
0.898784
0.810565
0.728705
0.652697
0.582198
0.517389
0.458861
0.406884
0.361101
0.320853
0.285461
0.254281
0.226804
0.202669
0.18156
0.163191
0.147228
0.133165
0.120377
0.108325
0.0966225
0.0849604
0.0730876
0.06081
0.0479767
0.0346117
0.0208896
0.00698047
0.463634
1.40884
2.40527
3.4767
4.62681
5.82444
6.99107
8.00785
8.76042
9.20154
9.3545
9.26857
9.00162
8.60904
8.1284
7.58637
7.00484
6.4006
5.79681
5.22268
4.69657
4.22078
3.79116
3.40368
3.05385
2.73887
2.458
2.21026
1.99468
1.8095
1.6494
1.50659
1.37524
1.25292
1.13853
1.03181
0.932847
0.841094
0.755808
0.676418
0.602421
0.534148
0.472664
0.418471
0.37106
0.329556
0.293163
0.261123
0.232883
0.20811
0.186505
0.16782
0.151764
0.137764
0.12504
0.112962
0.101147
0.0892802
0.0770932
0.0643701
0.0509095
0.0367584
0.0221704
0.00739773
0.474337
1.44574
2.48324
3.62135
4.87328
6.21026
7.53875
8.7015
9.53996
9.99835
10.1232
9.98134
9.64564
9.1855
8.64004
8.03504
7.39283
6.72607
6.0601
5.43426
4.87102
4.36808
3.91681
3.51173
3.14644
2.81741
2.52476
2.26752
2.04522
1.85713
1.69682
1.55354
1.42014
1.29479
1.17674
1.06616
0.963729
0.868771
0.780344
0.697837
0.620417
0.548579
0.484147
0.427956
0.379194
0.336677
0.299505
0.266774
0.237881
0.212569
0.190548
0.171628
0.155619
0.141864
0.129348
0.117335
0.105486
0.0934852
0.0810504
0.0679436
0.0538745
0.0389132
0.0234355
0.00780309
0.479652
1.46675
2.53605
3.73507
5.09061
6.58106
8.09835
9.43496
10.3676
10.8325
10.9159
10.7049
10.2884
9.75525
9.14223
8.47218
7.76922
7.03717
6.30324
5.62308
5.02484
4.49779
4.027
3.60649
3.22718
2.88468
2.58098
2.31474
2.08617
1.89669
1.73849
1.59633
1.46136
1.33326
1.21168
1.09725
0.99166
0.89384
0.802539
0.71723
0.636429
0.560787
0.493355
0.435427
0.385628
0.342338
0.304615
0.271353
0.241892
0.216125
0.193747
0.174645
0.158821
0.14552
0.133361
0.121482
0.109666
0.0975983
0.0849799
0.0715625
0.0569012
0.0410833
0.0246783
0.00819234
0.479228
1.4706
2.56091
3.81286
5.27177
6.93034
8.66924
10.2162
11.2517
11.7056
11.7323
11.4375
10.9263
10.3159
9.63377
8.89676
8.13494
7.33508
6.52515
5.78749
5.1579
4.61074
4.12246
3.68898
3.29713
2.94136
2.62735
2.35246
2.11762
1.92835
1.77519
1.63585
1.49944
1.36878
1.24369
1.12526
1.01685
0.916534
0.822591
0.734894
0.650731
0.570845
0.500288
0.440972
0.3905
0.346656
0.308625
0.274985
0.245001
0.21886
0.196163
0.176884
0.161388
0.148794
0.137147
0.125435
0.113712
0.101638
0.0888957
0.0752618
0.0600243
0.0432716
0.0258858
0.00855869
0.47286
1.45639
2.55547
3.84984
5.40892
7.24985
9.24987
11.0559
12.2022
12.6178
12.5711
12.1772
11.5542
10.8651
10.1138
9.30731
8.49158
7.62182
6.72432
5.9252
5.27025
4.70814
4.20387
3.76036
3.35752
2.98804
2.66464
2.38132
2.13948
1.95212
1.8078
1.67312
1.53482
1.40175
1.2731
1.15024
1.03948
0.937096
0.840647
0.751156
0.663642
0.578786
0.504892
0.444682
0.393967
0.349739
0.311671
0.277801
0.247284
0.220856
0.197859
0.178346
0.163322
0.151756
0.140781
0.129219
0.117643
0.105619
0.0928019
0.079081
0.063287
0.045476
0.0270361
0.00889203
0.460505
1.42371
2.51797
3.84144
5.49349
7.52908
9.83722
11.9679
13.232
13.5667
13.4306
12.9225
12.1655
11.4005
10.582
9.70147
8.84159
7.90065
6.89856
6.03308
5.36238
4.79175
4.27169
3.82193
3.40978
3.02509
2.69369
2.40207
2.1514
1.96775
1.83741
1.70937
1.56781
1.43257
1.30029
1.17214
1.05974
0.955788
0.856773
0.766389
0.675558
0.584574
0.507039
0.446665
0.396216
0.351673
0.313895
0.279943
0.248796
0.222201
0.198908
0.179004
0.164602
0.154494
0.144356
0.13284
0.121474
0.109555
0.0966878
0.0830672
0.0667454
0.0476857
0.0280958
0.00917804
0.442295
1.37264
2.44747
3.78372
5.51639
7.75491
10.4257
12.9712
14.3574
14.5452
14.3088
13.6729
12.7514
11.9207
11.0391
10.0753
9.1886
8.17656
7.04455
6.10682
5.43537
4.86408
4.32595
3.87514
3.45562
3.05247
2.71547
2.41574
2.15267
1.97464
1.8654
1.7461
1.59841
1.4616
1.32568
1.19072
1.07786
0.972926
0.870899
0.781032
0.686983
0.588083
0.506503
0.447066
0.397479
0.352505
0.315447
0.281572
0.249557
0.222991
0.199401
0.178805
0.165179
0.15712
0.147985
0.13628
0.125219
0.113459
0.10052
0.0872779
0.0704742
0.0498777
0.0290167
0.0093975
0.418536
1.30384
2.34392
3.67371
5.46835
7.91109
11.0059
14.0908
15.5992
15.5396
15.204
14.43
13.2992
12.4253
11.4876
10.4222
9.5378
8.45703
7.15733
6.14054
5.49135
4.92869
4.36578
3.92172
3.49722
3.06953
2.73116
2.42376
2.14215
1.97174
1.89356
1.78517
1.62618
1.48925
1.34983
1.20543
1.0941
0.988922
0.882735
0.795621
0.698587
0.58905
0.502934
0.446094
0.398054
0.35221
0.316496
0.282877
0.249534
0.223339
0.199462
0.177654
0.164964
0.159783
0.151813
0.139482
0.128896
0.117352
0.104228
0.0917871
0.0745749
0.0520104
0.0297333
0.00952595
0.389701
1.21849
2.20826
3.50973
5.34049
7.97801
11.5619
15.3609
16.9851
16.5255
16.1154
15.1991
13.7906
12.9158
11.9326
10.7311
9.89659
8.75295
7.22944
6.12634
5.53397
4.99054
4.38886
3.96382
3.53742
3.07458
2.74227
2.42818
2.11805
1.95731
1.92433
1.82893
1.64997
1.51602
1.37357
1.21534
1.10885
1.00435
0.89165
0.810834
0.711271
0.587021
0.495824
0.444056
0.39833
0.350651
0.317238
0.284093
0.248612
0.223381
0.199261
0.175403
0.163811
0.162684
0.156028
0.142323
0.13253
0.121272
0.107693
0.0966921
0.0791859
0.0540147
0.0301606
0.00953408
0.356397
1.11826
2.04251
3.29173
5.12494
7.93259
12.0687
16.8269
18.5513
17.4625
17.0455
15.9915
14.1988
13.3975
12.3835
10.984
10.2755
9.07987
7.24981
6.05373
5.56909
5.05644
4.39053
4.00425
3.58009
3.06432
2.7508
2.43196
2.07774
1.92876
1.96098
1.88046
1.66752
1.54261
1.39811
1.21884
1.12274
1.02007
0.896496
0.827557
0.726261
0.581265
0.484472
0.441412
0.398825
0.347514
0.317921
0.285528
0.246549
0.223295
0.19904
0.171835
0.161501
0.1661
0.160876
0.144588
0.136174
0.125285
0.110712
0.102125
0.084496
0.0557811
0.0301938
0.00938923
0.319345
1.00525
1.84966
3.02152
4.81581
7.74871
12.4876
18.5496
20.3464
18.2876
18.0023
16.8274
14.4844
13.8807
12.8554
11.1529
10.6893
9.45962
7.2023
5.9091
5.60565
5.13568
4.36258
4.04694
3.6306
3.03315
2.75954
2.43933
2.0175
1.88231
2.00797
1.94374
1.675
1.57012
1.42525
1.2134
1.13673
1.03732
0.895362
0.846977
0.745222
0.570669
0.467939
0.438839
0.400226
0.342221
0.318873
0.287601
0.242916
0.223321
0.199144
0.166641
0.157715
0.170408
0.166683
0.145923
0.139919
0.129509
0.112973
0.108265
0.0907612
0.0571421
0.0297104
0.00905818
0.279333
0.881863
1.63359
2.70294
4.41013
7.39826
12.7603
20.6094
22.4359
18.9051
19.0034
17.7397
14.5893
14.3835
13.3722
11.1946
11.1592
9.92214
7.06367
5.67512
5.65674
5.24079
4.29163
4.09751
3.69643
2.97205
2.77241
2.45622
1.9322
1.81268
2.07127
2.02404
1.66633
1.60031
1.4577
1.19514
1.15231
1.05793
0.885238
0.870715
0.770398
0.553599
0.445014
0.437302
0.403444
0.333811
0.320553
0.290883
0.237019
0.223792
0.20005
0.159397
0.152006
0.176117
0.173887
0.145772
0.143926
0.134138
0.114
0.115364
0.0983247
0.0578478
0.0285763
0.00851146
0.237178
0.750683
1.3989
2.34191
3.90894
6.85325
12.8012
23.1116
24.9077
19.1748
20.0811
18.7789
14.4294
14.9355
13.9696
11.0452
11.7148
10.5078
6.80117
5.33025
5.74077
5.38848
4.15706
4.1642
3.78798
2.86725
2.79503
2.49075
1.81488
1.71267
2.15885
2.1283
1.63225
1.63596
1.49934
1.15826
1.17177
1.08457
0.861579
0.901006
0.804778
0.527712
0.414176
0.438147
0.409688
0.320788
0.323613
0.296163
0.22779
0.225174
0.202414
0.149531
0.143764
0.183907
0.183066
0.143307
0.148458
0.139476
0.113089
0.123771
0.107641
0.0575339
0.0266569
0.00772864
0.193692
0.614349
1.15063
1.94621
3.31833
6.08925
12.4876
26.1927
27.8801
18.8959
21.2903
20.0191
13.8838
15.5825
14.6992
10.6117
12.3978
11.27
6.36942
4.84836
5.88281
5.6008
3.92824
4.25897
3.91957
2.69843
2.83544
2.55382
1.65632
1.57271
2.28115
2.26564
1.55927
1.6814
1.5557
1.09433
1.19854
1.12104
0.817745
0.940947
0.85228
0.48974
0.373572
0.443197
0.42055
0.300921
0.32899
0.304523
0.21365
0.228126
0.207112
0.136288
0.132171
0.194672
0.194992
0.137319
0.153933
0.145986
0.109229
0.133969
0.119306
0.055681
0.0238344
0.00670429
0.14964
0.47543
0.894058
1.52519
2.65013
5.09048
11.6475
30.0277
31.5115
17.788
22.7176
21.5647
12.783
16.3921
15.6339
9.76292
13.2665
12.2778
5.70671
4.19863
6.11599
5.90666
3.56134
4.39916
4.1106
2.4366
2.90505
2.65968
1.44453
1.38031
2.45164
2.44807
1.42824
1.74318
1.63442
0.991385
1.23757
1.1726
0.744301
0.994809
0.917958
0.435217
0.321011
0.45485
0.43811
0.271006
0.338018
0.31743
0.192342
0.233575
0.215289
0.118694
0.116162
0.209566
0.210687
0.126101
0.160984
0.154338
0.101001
0.146627
0.134084
0.0515622
0.0200311
0.0054531
0.105719
0.336308
0.634337
1.0892
1.92223
3.85709
10.0449
34.8372
36.0123
15.4675
24.4937
23.5585
10.8927
17.4616
16.8733
8.31753
14.4008
13.619
4.73071
3.34574
6.48276
6.34358
2.99529
4.60938
4.38696
2.04139
3.01988
2.82649
1.1642
1.11957
2.68735
2.69123
1.2127
1.83091
1.74583
0.832832
1.29593
1.24649
0.628181
1.06845
1.00821
0.358167
0.253979
0.476177
0.465071
0.226572
0.352576
0.336839
0.160722
0.242811
0.228404
0.095512
0.0943669
0.230048
0.231492
0.107297
0.170534
0.16548
0.0864512
0.162659
0.152946
0.0441804
0.0152414
0.00401293
0.0625374
0.199103
0.376277
0.648893
1.15805
2.41471
7.36211
40.8965
41.659
11.4203
26.808
26.1904
7.89586
18.9268
18.5512
6.03035
15.91
15.4027
3.33353
2.25059
7.03606
6.9598
2.14722
4.92395
4.78251
1.45797
3.20214
3.07682
0.796118
0.770548
3.00945
3.01541
0.876966
1.9583
1.90356
0.596144
1.38344
1.35232
0.451699
1.16982
1.13098
0.250742
0.169703
0.510997
0.504913
0.161549
0.375262
0.365317
0.114524
0.25761
0.248272
0.0651992
0.0650672
0.257935
0.259156
0.077728
0.183888
0.180707
0.0629483
0.183296
0.1771
0.0321931
0.00957094
0.00244368
0.0206007
0.0656104
0.124108
0.214473
0.385034
0.826755
3.18059
48.5435
48.8114
4.97071
29.926
29.7065
3.37226
20.9727
20.8423
2.57684
17.9405
17.7621
1.37637
0.871577
7.84002
7.81685
0.9072
5.38976
5.34072
0.613514
3.48213
3.43806
0.316652
0.308776
3.44371
3.44666
0.373897
2.14434
2.12521
0.25139
1.51339
1.50268
0.191426
1.30956
1.29596
0.102836
0.0652371
0.563936
0.562084
0.0678785
0.409602
0.406168
0.0480806
0.28038
0.277095
0.0258706
0.0261385
0.29544
0.295939
0.033195
0.202839
0.201744
0.0270187
0.210184
0.208032
0.0138264
0.00328469
0.000820226
)
;

boundaryField
{
    left
    {
        type            calculated;
        value           uniform 0;
    }
    right
    {
        type            calculated;
        value           uniform 0;
    }
    interface
    {
        type            calculated;
        value           nonuniform List<scalar> 
64
(
0.0206007
0.0656104
0.124108
0.214473
0.385034
0.826755
3.18059
48.5435
48.8114
4.97071
29.926
29.7065
3.37226
20.9727
20.8423
2.57684
17.9405
17.7621
1.37637
0.871577
7.84002
7.81685
0.9072
5.38976
5.34072
0.613514
3.48213
3.43806
0.316652
0.308776
3.44371
3.44666
0.373897
2.14434
2.12521
0.25139
1.51339
1.50268
0.191426
1.30956
1.29596
0.102836
0.0652371
0.563936
0.562084
0.0678785
0.409602
0.406168
0.0480806
0.28038
0.277095
0.0258706
0.0261385
0.29544
0.295939
0.033195
0.202839
0.201744
0.0270187
0.210184
0.208032
0.0138264
0.00328469
0.000820226
)
;
    }
    bottom
    {
        type            calculated;
        value           nonuniform List<scalar> 
64
(
0.0204823
0.0612037
0.101171
0.139818
0.176509
0.210541
0.241189
0.267765
0.289688
0.30655
0.318155
0.32454
0.325955
0.322832
0.315732
0.3053
0.292213
0.277143
0.260726
0.243536
0.226069
0.208738
0.191868
0.175703
0.160414
0.146108
0.132841
0.120627
0.109446
0.099252
0.0899836
0.0815674
0.0739258
0.0669817
0.0606629
0.054904
0.0496479
0.0448456
0.0404559
0.0364441
0.0327814
0.0294432
0.0264077
0.0236552
0.0211667
0.0189236
0.016907
0.015098
0.0134775
0.0120264
0.0107259
0.00955731
0.00850249
0.00754389
0.00666484
0.00584983
0.00508475
0.00435723
0.00365678
0.00297492
0.00230516
0.00164277
0.000984476
0.00032801
)
;
    }
    defaultFaces
    {
        type            empty;
    }
}


// ************************************************************************* //
