/*--------------------------------*- C++ -*----------------------------------*\
| =========                 |                                                 |
| \\      /  F ield         | OpenFOAM: The Open Source CFD Toolbox           |
|  \\    /   O peration     | Version:  5.x                                   |
|   \\  /    A nd           | Web:      www.OpenFOAM.org                      |
|    \\/     M anipulation  |                                                 |
\*---------------------------------------------------------------------------*/
FoamFile
{
    version     2.0;
    format      ascii;
    class       volScalarField;
    location    "7.4";
    object      gradTy;
}
// * * * * * * * * * * * * * * * * * * * * * * * * * * * * * * * * * * * * * //

dimensions      [0 -1 0 1 0 0 0];

internalField   nonuniform List<scalar> 
2048
(
-20.1784
-20.0818
-19.8898
-19.6045
-19.2295
-18.7698
-18.2323
-17.6252
-16.9588
-16.244
-15.493
-14.7179
-13.9307
-13.1426
-12.3636
-11.6025
-10.8665
-10.1612
-9.49086
-8.85812
-8.26453
-7.71054
-7.19574
-6.71904
-6.27886
-5.87329
-5.50022
-5.15746
-4.84279
-4.55409
-4.28934
-4.04669
-3.82444
-3.62108
-3.43525
-3.26573
-3.11142
-2.97129
-2.84442
-2.72991
-2.62689
-2.53455
-2.45207
-2.37867
-2.31358
-2.25605
-2.20537
-2.16087
-2.12191
-2.0879
-2.0583
-2.0326
-2.01037
-1.9912
-1.97475
-1.9607
-1.9488
-1.93882
-1.93058
-1.92392
-1.91873
-1.91492
-1.91241
-1.91116
-20.2565
-20.1591
-19.9653
-19.6771
-19.298
-18.8328
-18.2885
-17.6734
-16.9978
-16.2733
-15.5124
-14.7277
-13.9314
-13.1352
-12.3492
-11.5822
-10.8416
-10.133
-9.46039
-8.82643
-8.23248
-7.67883
-7.16491
-6.68948
-6.25084
-5.84698
-5.47569
-5.1347
-4.82176
-4.53469
-4.27144
-4.03015
-3.80913
-3.60687
-3.42203
-3.2534
-3.0999
-2.96054
-2.83439
-2.72057
-2.61822
-2.52654
-2.4447
-2.37191
-2.30742
-2.25047
-2.20034
-2.15635
-2.11787
-2.0843
-2.0551
-2.02976
-2.00785
-1.98897
-1.97276
-1.95893
-1.94721
-1.93738
-1.92926
-1.9227
-1.91759
-1.91382
-1.91135
-1.91012
-20.4049
-20.3059
-20.1088
-19.8154
-19.4285
-18.9531
-18.3957
-17.7651
-17.0721
-16.329
-15.5491
-14.7458
-13.9322
-13.1203
-12.3209
-11.5429
-10.7937
-10.0788
-9.40201
-8.76584
-8.17132
-7.61843
-7.10627
-6.63335
-6.19771
-5.79714
-5.42927
-5.09169
-4.78204
-4.49807
-4.23768
-3.99897
-3.78027
-3.58007
-3.39708
-3.23012
-3.07816
-2.94024
-2.81544
-2.70292
-2.60184
-2.51138
-2.43075
-2.35915
-2.29579
-2.23993
-2.19084
-2.14783
-2.11025
-2.07752
-2.04907
-2.02442
-2.00312
-1.98478
-1.96904
-1.9556
-1.94422
-1.93467
-1.92678
-1.92041
-1.91543
-1.91177
-1.90937
-1.90817
-20.6153
-20.5143
-20.3128
-20.0121
-19.6147
-19.1247
-18.5488
-17.896
-17.1778
-16.4077
-15.6003
-14.7702
-13.9317
-13.0976
-12.2791
-11.4855
-10.7241
-10.0005
-9.31811
-8.67909
-8.08404
-7.53246
-7.02304
-6.55385
-6.12262
-5.72683
-5.36389
-5.0312
-4.72627
-4.4467
-4.19035
-3.95528
-3.73982
-3.54251
-3.36209
-3.19746
-3.04763
-2.9117
-2.78879
-2.67809
-2.57878
-2.49006
-2.41113
-2.34119
-2.27945
-2.22514
-2.17751
-2.13588
-2.09958
-2.06802
-2.04065
-2.01696
-1.99652
-1.97893
-1.96384
-1.95097
-1.94006
-1.93091
-1.92334
-1.91721
-1.91243
-1.90891
-1.9066
-1.90545
-20.8803
-20.7771
-20.5707
-20.2615
-19.8512
-19.3432
-18.7439
-18.0625
-17.3118
-16.5067
-15.6636
-14.7989
-13.9284
-13.066
-12.2233
-11.4102
-10.6338
-9.89947
-9.21048
-8.56832
-7.97306
-7.42358
-6.91797
-6.4538
-6.02835
-5.63878
-5.28219
-4.95578
-4.65684
-4.38286
-4.13159
-3.90107
-3.68962
-3.49586
-3.3186
-3.15683
-3.00962
-2.87613
-2.75555
-2.6471
-2.55
-2.46345
-2.38665
-2.3188
-2.25909
-2.20672
-2.16095
-2.12104
-2.08635
-2.05626
-2.03022
-2.00774
-1.98837
-1.97171
-1.95744
-1.94526
-1.93494
-1.92627
-1.91909
-1.91328
-1.90874
-1.90539
-1.90318
-1.90209
-21.1935
-21.0881
-20.8766
-20.5585
-20.1338
-19.605
-18.9778
-18.2619
-17.4713
-16.6233
-15.7365
-14.8299
-13.9207
-13.0243
-12.1531
-11.3169
-10.5231
-9.77671
-9.08047
-8.43529
-7.84045
-7.29408
-6.79351
-6.33571
-5.91744
-5.53547
-5.18659
-4.86773
-4.57597
-4.30864
-4.06337
-3.83815
-3.63136
-3.44168
-3.26803
-3.10951
-2.96529
-2.83461
-2.71672
-2.61088
-2.51634
-2.43232
-2.35804
-2.29266
-2.23534
-2.18527
-2.14167
-2.10381
-2.071
-2.04264
-2.01817
-1.99709
-1.97897
-1.9634
-1.95008
-1.9387
-1.92906
-1.92094
-1.91422
-1.90876
-1.90448
-1.90133
-1.89925
-1.89821
-21.5488
-21.4416
-21.2257
-20.8988
-20.4591
-19.9074
-19.2483
-18.492
-17.6543
-16.7552
-15.8169
-14.8608
-13.9067
-12.9712
-12.0674
-11.2053
-10.3923
-9.63281
-8.92917
-8.28145
-7.68801
-7.14599
-6.65187
-6.20185
-5.79216
-5.41914
-5.07926
-4.76916
-4.48569
-4.22597
-3.98749
-3.76821
-3.56656
-3.38134
-3.21164
-3.05667
-2.91572
-2.78812
-2.67318
-2.57023
-2.47855
-2.39739
-2.32594
-2.26335
-2.20876
-2.16131
-2.12017
-2.08461
-2.05394
-2.02752
-2.00482
-1.98532
-1.96859
-1.95425
-1.94197
-1.93149
-1.92259
-1.91509
-1.90885
-1.90378
-1.8998
-1.89685
-1.89491
-1.89394
-21.9405
-21.8323
-21.6131
-21.2787
-20.8244
-20.2484
-19.5539
-18.7513
-17.8589
-16.9005
-15.9022
-14.8895
-13.8844
-12.9051
-11.9652
-11.075
-10.2413
-9.46824
-8.75745
-8.1081
-7.51737
-6.98122
-6.49506
-6.05431
-5.6546
-5.29184
-4.96219
-4.662
-4.38784
-4.1366
-3.9056
-3.69276
-3.49661
-3.31612
-3.15056
-2.99932
-2.86183
-2.7375
-2.62573
-2.52588
-2.4373
-2.35925
-2.29092
-2.23144
-2.17986
-2.1353
-2.09689
-2.06387
-2.03553
-2.01124
-1.99046
-1.97269
-1.95748
-1.94446
-1.93333
-1.9238
-1.9157
-1.90885
-1.90314
-1.89847
-1.8948
-1.89207
-1.89026
-1.88936
-22.3629
-22.2549
-22.0347
-21.6949
-21.2275
-20.6268
-19.8938
-19.039
-18.0838
-17.057
-15.9903
-14.9136
-13.8518
-12.8245
-11.8457
-10.9254
-10.0701
-9.28336
-8.5661
-7.91641
-7.33006
-6.80152
-6.32502
-5.89506
-5.50668
-5.15544
-4.83717
-4.54797
-4.28411
-4.04216
-3.81923
-3.61321
-3.42276
-3.24711
-3.08579
-2.93838
-2.80445
-2.68352
-2.57504
-2.47846
-2.39316
-2.31845
-2.2535
-2.19738
-2.1491
-2.10768
-2.07222
-2.04193
-2.0161
-1.9941
-1.97538
-1.95945
-1.94586
-1.93425
-1.92431
-1.9158
-1.90853
-1.90235
-1.89718
-1.89293
-1.88957
-1.88706
-1.8854
-1.88456
-22.8106
-22.7045
-22.4861
-22.1446
-21.6668
-21.0422
-20.268
-19.3547
-18.3277
-17.2228
-16.0787
-14.9306
-13.8068
-12.7278
-11.7078
-10.7561
-9.8787
-9.07851
-8.35582
-7.7075
-7.12755
-6.60863
-6.14357
-5.72593
-5.3502
-5.01163
-4.70585
-4.42866
-4.17602
-3.94411
-3.72976
-3.5308
-3.34612
-3.17531
-3.01819
-2.87462
-2.7443
-2.62683
-2.52174
-2.42853
-2.34665
-2.27546
-2.21412
-2.16163
-2.11688
-2.07882
-2.04651
-2.01912
-1.99594
-1.97635
-1.95981
-1.94581
-1.93392
-1.92379
-1.91509
-1.90762
-1.9012
-1.89572
-1.89108
-1.88725
-1.8842
-1.88191
-1.88039
-1.87962
-23.278
-23.1759
-22.9634
-22.6249
-22.1412
-21.4946
-20.6771
-19.6986
-18.5897
-17.3958
-16.1648
-14.938
-13.7471
-12.6136
-11.5507
-10.5669
-9.66714
-8.85399
-8.12724
-7.48245
-6.91132
-6.40425
-5.95249
-5.54867
-5.1868
-4.86197
-4.56967
-4.30547
-4.06495
-3.84384
-3.63848
-3.44668
-3.26769
-3.10156
-2.94852
-2.80872
-2.68201
-2.56802
-2.46636
-2.37657
-2.2982
-2.23068
-2.17317
-2.12455
-2.08356
-2.04907
-2.02007
-1.99572
-1.97531
-1.95823
-1.94394
-1.93195
-1.92184
-1.91322
-1.9058
-1.89939
-1.89383
-1.88903
-1.88494
-1.88151
-1.87876
-1.87668
-1.8753
-1.8746
-23.7596
-23.6642
-23.4623
-23.1333
-22.6498
-21.9848
-21.1227
-20.0714
-18.8689
-17.5739
-16.2457
-14.933
-13.6708
-12.4806
-11.3738
-10.3575
-9.43558
-8.61011
-7.88098
-7.24234
-6.68287
-6.19009
-5.75354
-5.36495
-5.018
-4.70783
-4.42992
-4.17962
-3.95216
-3.74258
-3.54658
-3.36188
-3.1883
-3.02657
-2.8774
-2.74126
-2.61811
-2.5076
-2.40935
-2.323
-2.24817
-2.18445
-2.13099
-2.08648
-2.04948
-2.01874
-1.9932
-1.97199
-1.95444
-1.93994
-1.92797
-1.91805
-1.90975
-1.90268
-1.89656
-1.8912
-1.8865
-1.88238
-1.87881
-1.87578
-1.87331
-1.87143
-1.87017
-1.86954
-24.2497
-24.1641
-23.9789
-23.6673
-23.1922
-22.5145
-21.6071
-20.4746
-19.1646
-17.7545
-16.3185
-14.9127
-13.5757
-12.3276
-11.1767
-10.1282
-9.18434
-8.34713
-7.61754
-6.98825
-6.44379
-5.96789
-5.54843
-5.17637
-4.84518
-4.55044
-4.28772
-4.05219
-3.83875
-3.64153
-3.45518
-3.27731
-3.10871
-2.95096
-2.80535
-2.67272
-2.55308
-2.446
-2.35114
-2.26818
-2.19688
-2.13706
-2.08786
-2.04772
-2.01493
-1.98811
-1.96613
-1.94815
-1.9335
-1.92164
-1.91204
-1.90423
-1.89779
-1.89229
-1.88746
-1.88315
-1.87929
-1.87583
-1.87276
-1.87011
-1.8679
-1.8662
-1.86507
-1.86449
-24.7427
-24.6703
-24.5086
-24.224
-23.7681
-23.0857
-22.1338
-20.9102
-19.4755
-17.9346
-16.3796
-14.8738
-13.4597
-12.1539
-10.9593
-9.87929
-8.91397
-8.06526
-7.33728
-6.72129
-6.19575
-5.73941
-5.33885
-4.98445
-4.66959
-4.39085
-4.14404
-3.92406
-3.72568
-3.54178
-3.36534
-3.1938
-3.0295
-2.87521
-2.73275
-2.60348
-2.48733
-2.38362
-2.2921
-2.21244
-2.14456
-2.08871
-2.04403
-2.00856
-1.98019
-1.95742
-1.9391
-1.92438
-1.91268
-1.90347
-1.89627
-1.89062
-1.88606
-1.88214
-1.87859
-1.8753
-1.87226
-1.86943
-1.86685
-1.86454
-1.86256
-1.86103
-1.86001
-1.85949
-25.233
-25.1776
-25.047
-24.8008
-24.3773
-23.7015
-22.7075
-21.3812
-19.8003
-18.1106
-16.4253
-14.8131
-13.3209
-11.959
-10.7218
-9.61165
-8.62529
-7.76455
-7.04036
-6.44262
-5.94064
-5.50648
-5.12648
-4.79067
-4.49232
-4.22997
-3.99969
-3.79593
-3.6138
-3.44443
-3.27813
-3.11203
-2.95115
-2.7997
-2.6599
-2.53385
-2.42122
-2.3208
-2.23255
-2.15607
-2.09141
-2.03956
-1.99973
-1.96925
-1.94549
-1.92689
-1.9123
-1.90084
-1.89209
-1.88556
-1.88077
-1.87729
-1.87465
-1.87232
-1.87002
-1.86772
-1.86546
-1.86324
-1.8611
-1.8591
-1.85733
-1.85594
-1.85502
-1.85457
-25.7151
-25.6806
-25.5893
-25.3942
-25.0194
-24.3654
-23.3344
-21.8916
-20.1367
-18.2779
-16.4519
-14.7268
-13.1575
-11.7432
-10.4648
-9.32644
-8.31954
-7.44474
-6.72658
-6.15349
-5.68062
-5.27089
-4.91293
-4.59649
-4.31427
-4.06853
-3.85537
-3.66829
-3.50376
-3.35058
-3.19465
-3.03259
-2.87399
-2.72471
-2.58698
-2.46408
-2.35509
-2.25783
-2.1728
-2.09934
-2.03754
-1.98971
-1.95513
-1.93005
-1.91107
-1.89674
-1.8859
-1.87768
-1.87186
-1.86801
-1.86561
-1.86434
-1.86365
-1.86291
-1.8618
-1.86045
-1.85893
-1.85728
-1.85556
-1.85384
-1.85222
-1.85094
-1.85013
-1.84974
-26.1836
-26.174
-26.1305
-26.0006
-25.6938
-25.0816
-24.0226
-22.447
-20.4809
-18.431
-16.4557
-14.6108
-12.9677
-11.5074
-10.1887
-9.02529
-7.99859
-7.10513
-6.39522
-5.85532
-5.41826
-5.03439
-4.6997
-4.40336
-4.13611
-3.90709
-3.7117
-3.54134
-3.39607
-3.26139
-3.11611
-2.95586
-2.79817
-2.6505
-2.51402
-2.39435
-2.28929
-2.19495
-2.11315
-2.04256
-1.98299
-1.93917
-1.9104
-1.89121
-1.87713
-1.86712
-1.86007
-1.85499
-1.85207
-1.85089
-1.85085
-1.8518
-1.85312
-1.85396
-1.85397
-1.85351
-1.85271
-1.85157
-1.85025
-1.84876
-1.84724
-1.84605
-1.84534
-1.84503
-26.6337
-26.6525
-26.6653
-26.6154
-26.399
-25.8545
-24.7824
-23.0549
-20.8268
-18.5629
-16.4336
-14.46
-12.7502
-11.2539
-9.89399
-8.71025
-7.6653
-6.74416
-6.04482
-5.54984
-5.15679
-4.79847
-4.48819
-4.21289
-3.95817
-3.74605
-3.56936
-3.41498
-3.29099
-3.17815
-3.04391
-2.88196
-2.72368
-2.5773
-2.44094
-2.32477
-2.22423
-2.13234
-2.05386
-1.98607
-1.92771
-1.88785
-1.86572
-1.85305
-1.84385
-1.8382
-1.83496
-1.83285
-1.83277
-1.83428
-1.83653
-1.83972
-1.84313
-1.84556
-1.84657
-1.84692
-1.8468
-1.84614
-1.84518
-1.84391
-1.84241
-1.84127
-1.84068
-1.84045
-27.0609
-27.1113
-27.1881
-27.2335
-27.1327
-26.6888
-25.6269
-23.7263
-21.1643
-18.6648
-16.3844
-14.2685
-12.5037
-10.9868
-9.5804
-8.38388
-7.3241
-6.359
-5.67292
-5.23924
-4.90037
-4.56417
-4.27957
-4.02697
-3.78034
-3.58564
-3.42918
-3.28868
-3.18847
-3.10236
-2.97981
-2.81063
-2.65029
-2.50548
-2.3674
-2.25539
-2.16043
-2.07002
-1.99522
-1.93031
-1.87149
-1.83556
-1.82126
-1.8159
-1.81135
-1.81009
-1.81072
-1.81129
-1.81402
-1.81824
-1.82265
-1.82811
-1.83374
-1.83775
-1.83959
-1.84069
-1.84124
-1.84098
-1.84038
-1.83929
-1.83771
-1.83659
-1.83613
-1.83603
-27.4611
-27.5458
-27.6935
-27.8489
-27.891
-27.5886
-26.5726
-24.4771
-21.4772
-18.7264
-16.3101
-14.0275
-12.2271
-10.7129
-9.24594
-8.04912
-6.98199
-5.94477
-5.27571
-4.92649
-4.65457
-4.3316
-4.07477
-3.84812
-3.60172
-3.42593
-3.29245
-3.16126
-3.08813
-3.03585
-2.92614
-2.74098
-2.57755
-2.43566
-2.29278
-2.18621
-2.09863
-2.00785
-1.93749
-1.87595
-1.81395
-1.78198
-1.77725
-1.78022
-1.77973
-1.78288
-1.78754
-1.7903
-1.79583
-1.80285
-1.80918
-1.81697
-1.82501
-1.83064
-1.83302
-1.83481
-1.83605
-1.8361
-1.83586
-1.83494
-1.83313
-1.83199
-1.83172
-1.83178
-27.8312
-27.9518
-28.1757
-28.4546
-28.6684
-28.5566
-27.6394
-25.331
-21.7394
-18.7352
-16.2186
-13.7246
-11.9195
-10.4435
-8.88549
-7.70933
-6.65002
-5.49328
-4.84772
-4.61564
-4.42702
-4.09926
-3.87435
-3.67997
-3.42031
-3.26682
-3.16128
-3.03071
-2.98903
-2.98086
-2.88612
-2.67115
-2.50476
-2.369
-2.21596
-2.1172
-2.03998
-1.94532
-1.88094
-1.824
-1.75441
-1.72663
-1.73399
-1.7466
-1.74892
-1.75661
-1.76563
-1.76981
-1.7782
-1.78822
-1.79608
-1.80626
-1.81702
-1.82431
-1.82682
-1.82926
-1.83124
-1.83146
-1.83164
-1.8309
-1.82864
-1.82746
-1.82744
-1.82771
-28.1686
-28.3258
-28.6295
-29.0429
-29.457
-29.5936
-28.8511
-26.3236
-21.9103
-18.6766
-16.1274
-13.3405
-11.5798
-10.1968
-8.48839
-7.36817
-6.34554
-4.99134
-4.38155
-4.31223
-4.22834
-3.863
-3.67848
-3.52802
-3.23228
-3.10804
-3.0392
-2.89368
-2.88968
-2.94015
-2.86432
-2.59775
-2.43093
-2.30757
-2.13506
-2.04822
-1.98625
-1.88137
-1.82582
-1.77602
-1.69172
-1.66886
-1.69187
-1.71583
-1.71872
-1.73131
-1.74534
-1.74962
-1.7611
-1.77452
-1.78322
-1.79594
-1.80984
-1.8189
-1.8209
-1.82401
-1.82689
-1.82702
-1.82772
-1.82724
-1.8242
-1.82297
-1.82331
-1.82387
-28.4714
-28.665
-29.0497
-29.6056
-30.2465
-30.6962
-30.2345
-27.5095
-21.9266
-18.5346
-16.0694
-12.8444
-11.2074
-10.0011
-8.03497
-7.02952
-6.09549
-4.41795
-3.86778
-4.02372
-4.07348
-3.61449
-3.48688
-3.40082
-3.031
-2.94922
-2.93198
-2.74493
-2.78786
-2.91707
-2.86738
-2.51512
-2.35488
-2.25493
-2.04697
-1.97912
-1.94021
-1.81404
-1.77237
-1.73443
-1.62407
-1.60785
-1.65147
-1.68905
-1.68864
-1.70693
-1.72715
-1.72943
-1.74451
-1.76202
-1.77043
-1.78593
-1.80359
-1.81462
-1.81511
-1.81903
-1.82307
-1.82272
-1.82412
-1.82406
-1.81972
-1.81847
-1.81934
-1.82026
-28.7386
-28.9674
-29.432
-30.1341
-31.0238
-31.8561
-31.818
-28.9711
-21.6918
-18.2922
-16.1
-12.188
-10.8015
-9.90055
-7.49142
-6.69735
-5.94108
-3.74039
-3.29523
-3.75984
-3.98356
-3.339
-3.29888
-3.31158
-2.80558
-2.78991
-2.8488
-2.57635
-2.68061
-2.91556
-2.90497
-2.4142
-2.27524
-2.21691
-1.94671
-1.9097
-1.90616
-1.74001
-1.72084
-1.70292
-1.54859
-1.54263
-1.61352
-1.66779
-1.65775
-1.68341
-1.71182
-1.70866
-1.72839
-1.7511
-1.7574
-1.77611
-1.79839
-1.81175
-1.80919
-1.81426
-1.81994
-1.81841
-1.82086
-1.82153
-1.8151
-1.81395
-1.81555
-1.81693
-28.9701
-29.2316
-29.7725
-30.62
-31.7735
-33.0576
-33.6281
-30.8333
-21.0617
-17.9333
-16.3084
-11.2958
-10.3622
-9.96175
-6.80269
-6.37561
-5.94423
-2.90851
-2.65197
-3.53263
-3.98843
-3.01242
-3.11354
-3.28046
-2.53874
-2.62971
-2.80385
-2.37572
-2.56435
-2.93994
-2.99123
-2.28095
-2.1906
-2.20269
-1.82644
-1.83982
-1.89059
-1.65386
-1.67145
-1.68706
-1.4609
-1.4722
-1.57898
-1.65421
-1.62451
-1.66065
-1.70049
-1.68644
-1.71267
-1.74241
-1.74367
-1.76638
-1.79437
-1.81071
-1.80276
-1.80967
-1.81772
-1.81391
-1.81795
-1.81987
-1.81015
-1.80936
-1.81196
-1.81391
-29.1662
-29.4574
-30.0686
-31.0552
-32.4783
-34.2761
-35.6836
-33.2825
-19.8236
-17.4452
-16.8311
-10.0521
-9.89056
-10.2839
-5.88271
-6.06827
-6.19618
-1.84679
-1.9273
-3.35603
-4.13019
-2.59718
-2.92999
-3.3376
-2.20391
-2.46849
-2.81844
-2.12483
-2.43523
-2.99449
-3.1467
-2.09427
-2.09983
-2.22621
-1.67418
-1.7694
-1.90323
-1.5472
-1.62442
-1.69505
-1.35434
-1.39569
-1.54901
-1.65132
-1.58647
-1.63857
-1.69485
-1.66138
-1.69735
-1.73686
-1.72853
-1.75661
-1.7917
-1.81207
-1.79523
-1.80521
-1.81676
-1.80888
-1.81541
-1.81943
-1.8046
-1.80467
-1.80863
-1.81123
-29.3281
-29.6451
-30.3187
-31.433
-33.1197
-35.4766
-37.9856
-36.5934
-17.6698
-16.8228
-17.8696
-8.28326
-9.39045
-11.0113
-4.6016
-5.77937
-6.82882
-0.443492
-1.11539
-3.24461
-4.46784
-2.03693
-2.74787
-3.52712
-1.76139
-2.30679
-2.9237
-1.79703
-2.28988
-3.08253
-3.40094
-1.82322
-2.00238
-2.30806
-1.47196
-1.69867
-1.9582
-1.40733
-1.58007
-1.73872
-1.21902
-1.31268
-1.52486
-1.66325
-1.53991
-1.61713
-1.69736
-1.63139
-1.68243
-1.73579
-1.71091
-1.74669
-1.79048
-1.81669
-1.78573
-1.80084
-1.8176
-1.80286
-1.81324
-1.8207
-1.79802
-1.79989
-1.80559
-1.80892
-29.4572
-29.7957
-30.5222
-31.7483
-33.6794
-36.6136
-40.503
-41.1639
-14.1627
-16.0744
-19.7134
-5.73546
-8.87049
-12.3497
-2.76915
-5.51334
-8.02896
1.46374
-0.221099
-3.21094
-5.08353
-1.24977
-2.56816
-3.91212
-1.15324
-2.14634
-3.16392
-1.35387
-2.12671
-3.20503
-3.79601
-1.42341
-1.89898
-2.47774
-1.19352
-1.62839
-2.07569
-1.2157
-1.53881
-1.83483
-1.04054
-1.22374
-1.50774
-1.69567
-1.47939
-1.59643
-1.71151
-1.59339
-1.66801
-1.74107
-1.68925
-1.73661
-1.79077
-1.82573
-1.77299
-1.79658
-1.82096
-1.79513
-1.81145
-1.82436
-1.7898
-1.79505
-1.80291
-1.80699
-29.5557
-29.9112
-30.68
-31.9978
-34.1408
-37.6318
-43.1511
-47.5613
-8.69092
-15.2303
-22.7663
-2.04557
-8.34737
-14.586
-0.11429
-5.27568
-10.0562
4.10647
0.731205
-3.26116
-6.09051
-0.119795
-2.39432
-4.58079
-0.29692
-1.99098
-3.60074
-0.740898
-1.94803
-3.35829
-4.391
-0.832506
-1.7924
-2.77643
-0.801375
-1.56023
-2.28379
-0.94584
-1.50135
-2.00661
-0.798266
-1.13119
-1.49847
-1.75632
-1.39714
-1.57677
-1.74214
-1.54295
-1.65435
-1.75529
-1.66129
-1.72647
-1.79249
-1.84082
-1.75525
-1.79246
-1.82787
-1.78466
-1.81
-1.83136
-1.77904
-1.79025
-1.80062
-1.80544
-29.6258
-29.9937
-30.7937
-32.1808
-34.4914
-38.4699
-45.763
-56.5794
-0.415399
-14.354
-27.5786
3.29355
-7.85056
-18.1121
3.73977
-5.0739
-13.2641
7.80884
1.68521
-3.38799
-7.64335
1.51311
-2.23379
-5.65379
0.922439
-1.84789
-4.31794
0.117801
-1.76313
-3.53067
-5.26768
0.0353025
-1.68865
-3.2603
-0.243197
-1.49731
-2.62091
-0.560912
-1.46884
-2.28568
-0.463283
-1.04017
-1.49695
-1.85565
-1.28236
-1.55888
-1.79582
-1.47388
-1.64193
-1.78191
-1.62385
-1.71667
-1.79529
-1.86418
-1.73001
-1.78859
-1.83971
-1.77003
-1.80884
-1.84296
-1.76446
-1.78567
-1.79876
-1.80423
-29.67
-30.0459
-30.8661
-32.2988
-34.7238
-39.0682
-48.0513
-69.3087
11.7957
-13.557
-34.8831
10.9745
-7.42856
-23.4525
9.30473
-4.91909
-18.1255
13.0163
2.5357
-3.56068
-9.95061
3.86545
-2.10001
-7.2926
2.66134
-1.72919
-5.42706
1.32617
-1.59264
-3.69803
-6.53756
1.29594
-1.59845
-4.0042
0.552434
-1.44494
-3.13833
-0.010817
-1.4432
-2.71421
0.00423652
-0.960129
-1.50145
-2.00763
-1.12036
-1.54401
-1.88127
-1.37764
-1.6316
-1.82549
-1.57251
-1.70798
-1.79843
-1.89882
-1.6939
-1.7852
-1.85829
-1.74924
-1.8079
-1.86083
-1.74428
-1.78167
-1.79733
-1.80329
-29.6911
-30.0707
-30.9007
-32.3555
-34.8377
-39.3795
-49.5591
-87.2205
29.4425
-13.0173
-45.6356
21.9225
-7.15723
-31.2949
17.2605
-4.82799
-25.2614
20.3297
3.10644
-3.71124
-13.2902
7.22403
-2.01508
-9.70915
5.12844
-1.65423
-7.07378
3.024
-1.47442
-3.81781
-8.35039
3.10301
-1.53927
-5.10598
1.68077
-1.41175
-3.90344
0.770924
-1.42765
-3.34769
0.657842
-0.906978
-1.50782
-2.23108
-0.891908
-1.53455
-2.01008
-1.24309
-1.62501
-1.89217
-1.50159
-1.70212
-1.80085
-1.94902
-1.64272
-1.78291
-1.88623
-1.71993
-1.80726
-1.88738
-1.71631
-1.77899
-1.79645
-1.80272
)
;

boundaryField
{
    left
    {
        type            calculated;
        value           nonuniform List<scalar> 
32
(
-20.1784
-20.2565
-20.4049
-20.6153
-20.8803
-21.1935
-21.5488
-21.9405
-22.3629
-22.8106
-23.278
-23.7596
-24.2497
-24.7427
-25.233
-25.7151
-26.1836
-26.6337
-27.0609
-27.4611
-27.8312
-28.1686
-28.4714
-28.7386
-28.9701
-29.1662
-29.3281
-29.4572
-29.5557
-29.6258
-29.67
-29.6911
)
;
    }
    right
    {
        type            calculated;
        value           nonuniform List<scalar> 
32
(
-1.91116
-1.91012
-1.90817
-1.90545
-1.90209
-1.89821
-1.89394
-1.88936
-1.88456
-1.87962
-1.8746
-1.86954
-1.86449
-1.85949
-1.85457
-1.84974
-1.84503
-1.84045
-1.83603
-1.83178
-1.82771
-1.82387
-1.82026
-1.81693
-1.81391
-1.81123
-1.80892
-1.80699
-1.80544
-1.80423
-1.80329
-1.80272
)
;
    }
    interface
    {
        type            calculated;
        value           nonuniform List<scalar> 
64
(
-29.6961
-30.0766
-30.909
-32.3692
-34.8654
-39.4587
-50.0486
-97.6826
39.838
-12.8388
-52.0086
28.345
-7.07069
-35.9388
21.9326
-4.8009
-29.4858
24.5988
3.29463
-3.76966
-15.2577
9.19559
-1.98822
-11.1418
6.57374
-1.63063
-8.05209
4.01525
-1.43441
-3.85912
-9.41394
4.16496
-1.52012
-5.76015
2.34166
-1.40128
-4.35745
1.22914
-1.42292
-3.72353
1.03881
-0.889601
-1.51077
-2.36337
-0.758353
-1.53156
-2.087
-1.16468
-1.62293
-1.93218
-1.46044
-1.70019
-1.80174
-1.97865
-1.61279
-1.78217
-1.90293
-1.70282
-1.80706
-1.90319
-1.70009
-1.77813
-1.79619
-1.80256
)
;
    }
    bottom
    {
        type            calculated;
        value           nonuniform List<scalar> 
64
(
-20.158
-20.0617
-19.8702
-19.5856
-19.2117
-18.7534
-18.2177
-17.6127
-16.9486
-16.2363
-15.4879
-14.7153
-13.9304
-13.1444
-12.3673
-11.6078
-10.873
-10.1686
-9.49876
-8.86635
-8.27287
-7.7188
-7.20378
-6.72675
-6.28617
-5.88016
-5.50663
-5.1634
-4.84829
-4.55916
-4.29402
-4.05101
-3.82845
-3.6248
-3.43871
-3.26896
-3.11443
-2.9741
-2.84704
-2.73235
-2.62916
-2.53664
-2.454
-2.38044
-2.31519
-2.25751
-2.20669
-2.16205
-2.12297
-2.08884
-2.05913
-2.03335
-2.01103
-1.99179
-1.97527
-1.96117
-1.94922
-1.9392
-1.93092
-1.92424
-1.91903
-1.9152
-1.91269
-1.91144
)
;
    }
    defaultFaces
    {
        type            empty;
    }
}


// ************************************************************************* //
