/*--------------------------------*- C++ -*----------------------------------*\
| =========                 |                                                 |
| \\      /  F ield         | OpenFOAM: The Open Source CFD Toolbox           |
|  \\    /   O peration     | Version:  5.x                                   |
|   \\  /    A nd           | Web:      www.OpenFOAM.org                      |
|    \\/     M anipulation  |                                                 |
\*---------------------------------------------------------------------------*/
FoamFile
{
    version     2.0;
    format      ascii;
    class       volScalarField;
    location    "7.4";
    object      gradTx;
}
// * * * * * * * * * * * * * * * * * * * * * * * * * * * * * * * * * * * * * //

dimensions      [0 -1 0 1 0 0 0];

internalField   nonuniform List<scalar> 
2048
(
0.0221415
0.0661778
0.109451
0.151383
0.191317
0.228524
0.262247
0.291755
0.316427
0.335814
0.349685
0.358047
0.361131
0.359355
0.353279
0.343552
0.330868
0.315921
0.299374
0.281829
0.263817
0.245779
0.228069
0.210955
0.194628
0.179214
0.16478
0.151351
0.138913
0.127424
0.116822
0.107035
0.0979856
0.0895989
0.0818071
0.0745517
0.0677853
0.0614706
0.0555794
0.0500913
0.0449911
0.0402677
0.0359115
0.0319128
0.0282611
0.0249434
0.0219445
0.0192467
0.0168307
0.0146754
0.012759
0.0110593
0.00955407
0.00822129
0.00703976
0.00598914
0.00505032
0.0042055
0.00343829
0.00273373
0.00207821
0.00145934
0.000865755
0.000286963
0.0656603
0.19627
0.324674
0.44918
0.567838
0.678462
0.778756
0.866506
0.939815
0.997317
1.03832
1.06285
1.07162
1.06591
1.0474
1.01808
0.980007
0.935272
0.885853
0.83355
0.779935
0.726318
0.67374
0.622987
0.574618
0.528992
0.486304
0.446616
0.409879
0.375964
0.344683
0.315814
0.289124
0.264387
0.2414
0.219991
0.200018
0.181373
0.163975
0.147763
0.132695
0.118739
0.105868
0.0940562
0.0832713
0.0734759
0.0646247
0.0566655
0.0495403
0.0431866
0.0375398
0.0325335
0.0281016
0.0241792
0.020703
0.0176129
0.0148522
0.0123683
0.0101125
0.00804093
0.00611325
0.00429304
0.002547
0.00084427
0.107814
0.322342
0.533433
0.738377
0.933969
1.11654
1.28217
1.42704
1.5479
1.64237
1.70929
1.74875
1.76199
1.75123
1.71936
1.66972
1.6058
1.53108
1.44886
1.36213
1.27348
1.18506
1.09854
1.0152
0.935916
0.861252
0.7915
0.726735
0.666861
0.611644
0.560756
0.513816
0.470426
0.430208
0.392822
0.357984
0.325465
0.295091
0.266733
0.240298
0.215722
0.192958
0.171966
0.152706
0.135128
0.119172
0.104764
0.0918174
0.0802359
0.0699165
0.0607522
0.0526338
0.0454526
0.0391013
0.0334764
0.0284789
0.0240158
0.020001
0.0163553
0.0130068
0.00989002
0.00694604
0.00412153
0.00136642
0.148885
0.445278
0.737314
1.0214
1.29309
1.54717
1.77791
1.97968
2.14763
2.27827
2.36992
2.42279
2.43877
2.42118
2.37423
2.30274
2.21169
2.10602
1.99037
1.86893
1.7453
1.62241
1.50257
1.38745
1.27822
1.17558
1.0799
0.991224
0.909385
0.834024
0.764651
0.700705
0.641609
0.58682
0.535861
0.488339
0.443945
0.402444
0.363669
0.327503
0.293867
0.262707
0.233977
0.207627
0.183596
0.1618
0.142138
0.124488
0.108716
0.0946786
0.082226
0.0712068
0.0614703
0.0528681
0.0452567
0.0384995
0.0324682
0.0270442
0.022119
0.0175944
0.0133813
0.00939953
0.00557839
0.00184987
0.18903
0.565593
0.937309
1.29987
1.64766
1.97373
2.2703
2.52955
2.74473
2.91102
3.0262
3.09067
3.1072
3.08038
3.01599
2.92044
2.80033
2.66213
2.51187
2.35496
2.196
2.03871
1.88594
1.73971
1.60138
1.47178
1.35125
1.23982
1.13721
1.04289
0.956199
0.876355
0.802584
0.734163
0.670474
0.611019
0.555414
0.50338
0.454717
0.409295
0.367031
0.32787
0.291771
0.258682
0.228531
0.201216
0.176605
0.154543
0.134855
0.117355
0.101854
0.0881561
0.0760697
0.0654055
0.055981
0.0476221
0.0401661
0.033463
0.0273765
0.0217832
0.0165721
0.0116436
0.00691185
0.0022927
0.228288
0.683449
1.13385
1.57472
1.99928
2.39871
2.76273
3.08087
3.34398
3.54567
3.6831
3.75707
3.77147
3.7325
3.64771
3.52533
3.3737
3.20089
3.01441
2.82091
2.62603
2.4342
2.24875
2.07198
1.90538
1.74976
1.60548
1.47246
1.35027
1.23822
1.13541
1.04082
0.953426
0.872328
0.796754
0.726109
0.659948
0.597954
0.539912
0.485687
0.435202
0.388415
0.345298
0.305807
0.269862
0.237344
0.208092
0.18191
0.158584
0.137885
0.11958
0.103432
0.0892075
0.0766772
0.0656192
0.0558227
0.047091
0.0392438
0.0321178
0.0255664
0.0194581
0.0136756
0.00812044
0.00269442
0.266578
0.79867
1.32684
1.84617
2.34882
2.82382
3.25789
3.63717
3.94951
4.18655
4.34484
4.42582
4.43493
4.38033
4.27168
4.11924
3.93319
3.72333
3.49868
3.26723
3.03563
2.80903
2.59112
2.38436
2.19026
2.00961
1.84265
1.68919
1.54865
1.42013
1.30244
1.19427
1.09435
1.00153
0.914909
0.833798
0.757709
0.686304
0.619366
0.556764
0.498438
0.444374
0.394569
0.348996
0.307575
0.270167
0.236578
0.206571
0.179886
0.156252
0.135389
0.117022
0.100874
0.0866765
0.0741679
0.0631006
0.0532444
0.0443894
0.0363467
0.0289479
0.0220428
0.0154984
0.00920612
0.00305567
0.303709
0.910751
1.51565
2.11382
2.69644
3.25014
3.75791
4.20153
4.56499
4.83749
5.01504
5.1001
5.10019
5.02596
4.88955
4.70342
4.47975
4.23007
3.96505
3.6941
3.42491
3.16326
2.91311
2.67695
2.45618
2.25146
2.06291
1.89019
1.73256
1.58885
1.45756
1.33704
1.22567
1.12209
1.02523
0.934352
0.848932
0.768635
0.69325
0.622666
0.55685
0.495829
0.439641
0.38829
0.341699
0.29971
0.262086
0.228547
0.198783
0.172474
0.149301
0.128943
0.111087
0.0954208
0.0816447
0.0694734
0.0586434
0.048916
0.040078
0.0319406
0.0243367
0.0171197
0.0101735
0.00337801
0.339383
1.01888
1.6992
2.37663
3.04165
3.67814
4.26442
4.77666
5.19377
5.50197
5.69682
5.78246
5.76921
5.67086
5.50239
5.27867
5.01389
4.72143
4.41367
4.10152
3.79383
3.49691
3.21484
2.94994
2.70338
2.4756
2.26654
2.07573
1.90226
1.74469
1.60115
1.46952
1.34782
1.23441
1.1281
1.0281
0.933903
0.845196
0.761784
0.683581
0.610591
0.542898
0.480605
0.423761
0.372299
0.32603
0.284674
0.247893
0.215325
0.186601
0.161358
0.139237
0.119883
0.102946
0.0880836
0.0749731
0.0633176
0.0528503
0.0433349
0.0345641
0.0263553
0.0185507
0.0110292
0.00366361
0.373207
1.12194
1.87588
2.63297
3.38331
4.10772
4.77872
5.3651
5.8391
6.18323
6.39296
6.47498
6.44341
6.31592
6.11077
5.84536
5.53588
5.1975
4.84443
4.48934
4.14226
3.80998
3.49643
3.20359
2.93218
2.68236
2.45388
2.24616
2.05812
1.88805
1.73363
1.5922
1.46127
1.33894
1.22392
1.1154
1.01294
0.916271
0.825219
0.739726
0.659842
0.585727
0.517577
0.455507
0.399461
0.349214
0.304424
0.26469
0.229588
0.198702
0.171625
0.147961
0.127317
0.109302
0.0935313
0.0796427
0.0673057
0.0562264
0.0461471
0.0368429
0.0281179
0.0198049
0.0117813
0.0039151
0.404697
1.21856
2.04368
2.8806
3.71962
4.53826
5.30184
5.96938
6.50424
6.88439
7.10589
7.17922
7.12359
6.96149
6.71484
6.40356
6.04574
5.65819
5.2571
4.85723
4.46998
4.10242
3.75806
3.4382
3.143
2.87218
2.62536
2.40185
2.20051
2.01936
1.85553
1.70562
1.56659
1.43621
1.31314
1.19665
1.08639
0.982163
0.883827
0.791345
0.70481
0.624479
0.550686
0.48364
0.423292
0.369366
0.321443
0.27904
0.24167
0.208865
0.180181
0.155185
0.133452
0.114548
0.0980436
0.0835329
0.0706528
0.0590839
0.0485482
0.0388051
0.0296462
0.0208976
0.0124385
0.00413534
0.433303
1.30715
2.20015
3.11668
4.04812
4.96859
5.83455
6.5921
7.19261
7.60855
7.83775
7.89628
7.81002
7.60742
7.31434
6.9531
6.54335
6.10331
5.65131
5.20476
4.77671
4.37423
3.99996
3.65423
3.33635
3.0456
2.78145
2.54325
2.32985
2.13908
1.96739
1.81042
1.66437
1.52676
1.39624
1.27224
1.15459
1.04318
0.937897
0.838699
0.745715
0.659328
0.580069
0.508278
0.443912
0.386609
0.335851
0.291061
0.251679
0.21719
0.187114
0.16099
0.138362
0.118753
0.101683
0.0867001
0.0734087
0.0614658
0.0505751
0.040481
0.0309639
0.0218451
0.0130102
0.00432724
0.458425
1.38594
2.34251
3.33782
4.36565
5.39697
6.37748
7.23616
7.90796
8.3588
8.59039
8.62676
8.50242
8.25309
7.90871
7.4936
7.02856
6.53267
6.0266
5.53138
5.06212
4.62544
4.22246
3.85219
3.51287
3.20321
2.9227
2.6708
2.44653
2.24766
2.06981
1.90726
1.75528
1.61116
1.47369
1.34256
1.21789
1.09965
0.987723
0.882065
0.782796
0.690452
0.605859
0.529546
0.461447
0.401075
0.347784
0.300885
0.259738
0.223787
0.192521
0.16546
0.142121
0.121988
0.104516
0.0892041
0.0756256
0.0634169
0.0522655
0.0419023
0.0320955
0.0226639
0.0135052
0.00449357
0.479445
1.45306
2.46769
3.5401
4.6683
5.82098
6.93113
7.90489
8.6545
9.13824
9.36531
9.37075
9.19989
8.89739
8.49709
8.02459
7.50129
6.94613
6.38241
5.83636
5.32584
4.85612
4.42598
4.03275
3.67328
3.34568
3.04968
2.78496
2.55093
2.34556
2.16342
1.99688
1.83999
1.69
1.54596
1.40799
1.2766
1.15186
1.0336
0.921731
0.816299
0.718026
0.628182
0.547563
0.476031
0.412908
0.357389
0.308653
0.265975
0.228769
0.196503
0.16868
0.14481
0.124327
0.106613
0.0911068
0.0773566
0.0649823
0.0536579
0.0431012
0.0330659
0.0233704
0.0139319
0.00463678
0.495752
1.50663
2.57245
3.71911
4.95138
6.23745
7.49584
8.60236
9.43715
9.94996
10.1637
10.1278
9.9009
9.53882
9.0784
8.5455
7.96158
7.34373
6.71809
6.11883
5.56748
5.06649
4.61106
4.19669
3.81843
3.47375
3.16302
2.8862
2.64336
2.43317
2.24892
2.08008
1.91921
1.76386
1.61352
1.46885
1.33103
1.20012
1.07582
0.958001
0.846489
0.742218
0.647145
0.562445
0.487805
0.422258
0.364821
0.314515
0.270525
0.232257
0.199161
0.170737
0.146503
0.125846
0.108045
0.0924705
0.0786544
0.0662064
0.0547896
0.0441098
0.0339004
0.02398
0.0142976
0.00475874
0.506788
1.54485
2.65352
3.87004
5.20936
6.64226
8.07176
9.33357
10.2617
10.7969
10.9861
10.8969
10.6032
10.1755
9.65144
9.05568
8.40977
7.72578
7.03286
6.37762
5.78664
5.25689
4.77834
4.34492
3.94929
3.5882
3.26338
2.97499
2.72403
2.51083
2.32703
2.15777
1.99367
1.83331
1.67678
1.52544
1.38144
1.24471
1.11467
0.991196
0.87365
0.763179
0.662829
0.574298
0.496916
0.429282
0.370243
0.318627
0.273523
0.234368
0.200597
0.171712
0.147275
0.126622
0.108887
0.093357
0.0795701
0.0671317
0.0556962
0.0449601
0.0346243
0.0245072
0.0146076
0.00486055
0.512074
1.56612
2.70772
3.98783
5.43581
7.0301
8.65874
10.105
11.1352
11.6817
11.8328
11.6766
11.3038
10.8051
10.2149
9.55441
8.84659
8.09305
7.32572
6.6112
5.98298
5.42789
4.92854
4.4785
4.06696
3.68981
3.35148
3.05179
2.793
2.57873
2.39858
2.23096
2.06406
1.8989
1.73615
1.57797
1.42809
1.28591
1.15041
1.02166
0.898096
0.781038
0.675273
0.583225
0.503522
0.434141
0.373823
0.321152
0.275103
0.235223
0.200913
0.171681
0.147195
0.126732
0.109213
0.0938258
0.0801522
0.0677982
0.0564106
0.0456837
0.0352634
0.0249648
0.014865
0.00494227
0.511255
1.56913
2.73215
4.06728
5.62342
7.3942
9.25612
10.9249
12.0661
12.6059
12.7033
12.465
11.9987
11.4252
10.7677
10.0407
9.27335
8.447
7.59533
6.8175
6.15627
5.58039
5.06243
4.59863
4.17269
3.77929
3.42809
3.11716
2.85016
2.63692
2.46453
2.3008
2.13104
1.96114
1.79203
1.62658
1.47118
1.32398
1.18326
1.04977
0.920191
0.795886
0.684463
0.589321
0.5078
0.436996
0.375736
0.322258
0.275394
0.234938
0.200211
0.170712
0.146321
0.126254
0.109102
0.0939335
0.0804461
0.0682428
0.0569619
0.0463121
0.0358447
0.0253636
0.0150698
0.00500263
0.504124
1.55298
2.7244
4.1033
5.764
7.72591
9.86229
11.8044
13.0651
13.5697
13.5964
13.2601
12.6826
12.0334
11.3089
10.513
9.69212
8.79004
7.83979
6.99369
6.30655
5.71575
5.18067
4.70666
4.26792
3.85724
3.49406
3.17173
2.89511
2.68519
2.52603
2.36869
2.19512
2.02053
1.8448
1.67124
1.5109
1.35922
1.21337
1.07594
0.940369
0.807757
0.690309
0.592691
0.509954
0.438003
0.376158
0.32212
0.274514
0.23363
0.198594
0.168862
0.144702
0.125268
0.108635
0.0937305
0.0804929
0.0684995
0.0573737
0.0468771
0.0363972
0.0257115
0.0152182
0.00503877
0.490648
1.51724
2.68267
4.09115
5.84861
8.01427
10.4741
12.7581
14.1454
14.5703
14.5104
14.0604
13.3484
12.6275
11.8382
10.9687
10.106
9.12605
8.05635
7.13589
6.43433
5.83597
5.28365
4.80413
4.35435
3.92393
3.5504
3.21635
2.92706
2.72295
2.58454
2.43629
2.25656
2.07751
1.89491
1.71177
1.54746
1.39196
1.24076
1.10067
0.959178
0.816605
0.692623
0.593453
0.510233
0.437295
0.375271
0.320925
0.272562
0.231412
0.19617
0.16617
0.142372
0.12386
0.107901
0.0932587
0.08033
0.0685999
0.0576622
0.0474119
0.0369538
0.0260127
0.0153015
0.00504604
0.470976
1.46206
2.60601
4.02679
5.8678
8.24555
11.0857
13.8057
15.3239
15.6006
15.4435
14.8654
13.9864
13.2059
12.3565
11.4036
10.5195
9.46094
8.24087
7.23878
6.54092
5.94398
5.37111
4.89284
4.43406
3.9791
3.59831
3.25225
2.94473
2.74913
2.64199
2.50571
2.31523
2.13254
1.94292
1.74768
1.5811
1.42263
1.26529
1.12453
0.97733
0.822258
0.691086
0.591773
0.508946
0.434968
0.373263
0.318878
0.269604
0.228398
0.193058
0.162657
0.139344
0.122126
0.106998
0.0925466
0.0799909
0.0685742
0.057833
0.0479521
0.0375533
0.0262661
0.0153053
0.00501787
0.445445
1.38812
2.49441
3.90714
5.81191
8.40281
11.6871
14.9737
16.6226
16.6458
16.3939
15.6767
14.5829
13.7685
12.8664
11.8099
10.9391
9.80351
8.38718
7.29511
6.6289
6.04395
5.44167
4.97499
4.50977
4.0216
3.63933
3.28126
2.94616
2.76194
2.70096
2.57958
2.37025
2.18612
1.98962
1.77805
1.61214
1.45179
1.28645
1.14825
0.99578
0.824362
0.685213
0.587888
0.506493
0.431048
0.370331
0.316215
0.26566
0.224704
0.189399
0.158316
0.135604
0.120178
0.106039
0.0916015
0.0795073
0.0684546
0.0578761
0.0485376
0.0382437
0.0264632
0.0152088
0.00494592
0.414559
1.29672
2.34893
3.73053
5.6717
8.46552
12.2619
16.2977
18.07
17.68
17.3616
16.5001
15.1181
14.3177
13.3735
12.1749
11.3737
10.1666
8.4861
7.29513
6.70275
6.14173
5.492
5.05336
4.58507
4.04886
3.67549
3.3061
2.92846
2.75861
2.76498
2.66135
2.41968
2.23893
2.03617
1.80134
1.64113
1.48032
1.30326
1.17273
1.01582
0.822296
0.674311
0.582161
0.503397
0.425437
0.366693
0.313218
0.260675
0.220457
0.185366
0.153106
0.131105
0.118151
0.105158
0.0903998
0.0789113
0.0682784
0.0577595
0.049216
0.0390861
0.0265848
0.0149845
0.00482035
0.37897
1.18963
2.17172
3.49697
5.43903
8.40958
12.7839
17.8255
19.7041
18.6607
18.3498
17.3478
15.5625
14.8594
13.8879
12.4781
11.8363
10.5686
8.52409
7.22593
6.76975
6.24549
5.51573
5.13173
4.66494
4.05609
3.70961
3.33082
2.8875
2.73506
2.83893
2.75551
2.45991
2.29198
2.08441
1.81497
1.66893
1.50949
1.31396
1.19919
1.03922
0.815056
0.657431
0.575138
0.500344
0.417851
0.362606
0.310244
0.254482
0.215802
0.181182
0.146937
0.125756
0.116216
0.104518
0.0888708
0.078241
0.0680951
0.0574188
0.050046
0.0401602
0.0265966
0.0145978
0.00463062
0.339445
1.06907
1.96597
3.20841
5.10777
8.20767
13.2125
19.621
21.5757
19.5212
19.3679
18.2411
15.8731
15.4059
14.4261
12.6868
12.3449
11.0351
8.4815
7.07074
6.84102
6.36645
5.50185
5.21542
4.75633
4.03527
3.74566
3.36127
2.81758
2.68543
2.92945
2.86798
2.48488
2.3469
2.13708
1.81497
1.69692
1.54119
1.31566
1.22928
1.06839
0.8011
0.633325
0.56763
0.49824
0.407715
0.358393
0.307761
0.246755
0.210922
0.17714
0.139656
0.119409
0.114592
0.104323
0.0868767
0.0775478
0.0679744
0.056743
0.0511037
0.0415706
0.0264418
0.0140082
0.00436657
0.296818
0.937606
1.73578
2.86898
4.67492
7.83042
13.4867
21.7685
23.753
20.1601
20.4355
19.2154
15.9864
15.978
15.0143
12.7512
12.9248
11.6014
8.33029
6.80815
6.93285
6.51983
5.43269
5.31215
4.86906
3.97365
3.7893
3.4058
2.71093
2.60161
3.04555
3.00664
2.48507
2.40637
2.1983
1.79525
1.72734
1.57827
1.30383
1.26526
1.10657
0.778134
0.600404
0.56081
0.498273
0.39404
0.35449
0.306389
0.236932
0.206056
0.173633
0.131027
0.111848
0.113566
0.104829
0.0841837
0.076908
0.0680181
0.0555558
0.0524904
0.0434547
0.0260329
0.0131714
0.00401987
0.251957
0.79796
1.48603
2.48492
4.14167
7.24858
13.5167
24.3789
26.3283
20.4291
21.5887
20.3248
15.8099
16.6095
15.6916
12.5974
13.6117
12.3152
8.03106
6.41144
7.0682
6.72611
5.28109
5.43317
5.01684
3.85186
3.84863
3.47591
2.55717
2.47254
3.19926
3.1819
2.44609
2.47468
2.27409
1.74675
1.7636
1.6248
1.27166
1.31028
1.1581
0.742849
0.556709
0.556317
0.501992
0.375245
0.351514
0.306965
0.224128
0.20154
0.17118
0.120703
0.102768
0.113509
0.106364
0.0804256
0.0764389
0.0683748
0.0535897
0.0543438
0.0459923
0.0252387
0.0120428
0.00358577
0.205716
0.652926
1.22206
2.06449
3.51448
6.43662
13.1739
27.5958
29.4254
20.1157
22.8874
21.6484
15.2115
17.3523
16.5152
12.1182
14.4554
13.2393
7.52949
5.84804
7.27838
7.01254
5.007
5.59486
5.2187
3.64147
3.93524
3.5871
2.3427
2.28352
3.40641
3.40759
2.34702
2.55852
2.37299
1.65639
1.81085
1.68664
1.20923
1.36876
1.22864
0.690584
0.499907
0.556381
0.511405
0.348942
0.350351
0.310612
0.207012
0.197849
0.17046
0.108199
0.0917674
0.1149
0.109352
0.0750562
0.0763207
0.0692586
0.0504534
0.0568523
0.0494161
0.0238691
0.0105836
0.00306481
0.158904
0.505215
0.949408
1.61754
2.80588
5.3781
12.278
31.6029
33.2107
18.9227
24.4258
23.2985
14.005
18.2827
17.566
11.162
15.5248
14.4553
6.75203
5.07922
7.60478
7.41506
4.55316
5.82074
5.50052
3.30196
4.06552
3.7597
2.04999
2.01537
3.68742
3.70192
2.15823
2.66805
2.50682
1.50557
1.87664
1.77188
1.10244
1.44683
1.32551
0.614923
0.427316
0.563943
0.529092
0.311675
0.352281
0.318822
0.183663
0.195668
0.172349
0.0928546
0.0783219
0.118351
0.114333
0.0672919
0.0768243
0.0709716
0.045591
0.0602745
0.0540237
0.0216547
0.00876857
0.00246432
0.112253
0.357344
0.673533
1.15497
2.03471
4.0733
10.5813
36.6326
37.905
16.444
26.3452
25.4285
11.9339
19.5101
18.9553
9.51974
16.9148
16.0665
5.60087
4.06019
8.10047
7.98063
3.83998
6.14409
5.897
2.77703
4.26241
4.01966
1.65683
1.64357
4.06821
4.08871
1.83887
2.81816
2.69159
1.26858
1.97172
1.89158
0.931774
1.55297
1.45799
0.507215
0.335978
0.582768
0.558349
0.258594
0.359133
0.333547
0.151387
0.195969
0.177953
0.073789
0.0617753
0.124629
0.122005
0.0560412
0.0783473
0.0739295
0.0382323
0.0649629
0.0601901
0.0182229
0.0065976
0.00179913
0.0663986
0.211546
0.3995
0.688008
1.22561
2.54925
7.75058
42.9743
43.7995
12.1347
28.8494
28.2429
8.65063
21.1866
20.833
6.9088
18.7536
18.2019
3.94829
2.74069
8.83168
8.77005
2.75957
6.61102
6.45376
1.99035
4.55751
4.39932
1.1356
1.13732
4.58098
4.59894
1.33385
3.03007
2.94844
0.910512
2.11107
2.06042
0.670838
1.69875
1.63759
0.356027
0.22279
0.617536
0.60335
0.183088
0.373482
0.357309
0.106503
0.200128
0.188638
0.0498604
0.0413233
0.13468
0.133257
0.0398234
0.0814564
0.0786907
0.0273347
0.0713941
0.0683808
0.0130689
0.00411029
0.00109097
0.0218704
0.069708
0.131763
0.227391
0.407464
0.872643
3.34637
50.9832
51.273
5.2788
32.2234
32.0076
3.69466
23.5184
23.3957
2.95523
21.2128
21.0185
1.63045
1.06628
9.87873
9.86125
1.16888
7.28416
7.22961
0.840607
4.99379
4.93794
0.452573
0.458617
5.26499
5.27247
0.570437
3.33321
3.30464
0.385026
2.31506
2.29758
0.28465
1.89972
1.87832
0.146535
0.0847035
0.673903
0.66934
0.0763627
0.398882
0.393297
0.0441114
0.210047
0.206052
0.0196155
0.0160043
0.14965
0.149216
0.0166754
0.0869384
0.0859884
0.0115161
0.080204
0.0791639
0.00552307
0.00140421
0.000366125
)
;

boundaryField
{
    left
    {
        type            calculated;
        value           uniform 0;
    }
    right
    {
        type            calculated;
        value           uniform 0;
    }
    interface
    {
        type            calculated;
        value           nonuniform List<scalar> 
64
(
0.0218704
0.069708
0.131763
0.227391
0.407464
0.872643
3.34637
50.9832
51.273
5.2788
32.2234
32.0076
3.69466
23.5184
23.3957
2.95523
21.2128
21.0185
1.63045
1.06628
9.87873
9.86125
1.16888
7.28416
7.22961
0.840607
4.99379
4.93794
0.452573
0.458617
5.26499
5.27247
0.570437
3.33321
3.30464
0.385026
2.31506
2.29758
0.28465
1.89972
1.87832
0.146535
0.0847035
0.673903
0.66934
0.0763627
0.398882
0.393297
0.0441114
0.210047
0.206052
0.0196155
0.0160043
0.14965
0.149216
0.0166754
0.0869384
0.0859884
0.0115161
0.080204
0.0791639
0.00552307
0.00140421
0.000366125
)
;
    }
    bottom
    {
        type            calculated;
        value           nonuniform List<scalar> 
64
(
0.0221415
0.0661778
0.109451
0.151383
0.191317
0.228524
0.262247
0.291755
0.316427
0.335814
0.349685
0.358047
0.361131
0.359355
0.353279
0.343552
0.330868
0.315921
0.299374
0.281829
0.263817
0.245779
0.228069
0.210955
0.194628
0.179214
0.16478
0.151351
0.138913
0.127424
0.116822
0.107035
0.0979856
0.0895989
0.0818071
0.0745517
0.0677853
0.0614706
0.0555794
0.0500913
0.0449911
0.0402677
0.0359115
0.0319128
0.0282611
0.0249434
0.0219445
0.0192467
0.0168307
0.0146754
0.012759
0.0110593
0.00955407
0.00822129
0.00703976
0.00598914
0.00505032
0.0042055
0.00343829
0.00273373
0.00207821
0.00145934
0.000865755
0.000286963
)
;
    }
    defaultFaces
    {
        type            empty;
    }
}


// ************************************************************************* //
