/*--------------------------------*- C++ -*----------------------------------*\
| =========                 |                                                 |
| \\      /  F ield         | OpenFOAM: The Open Source CFD Toolbox           |
|  \\    /   O peration     | Version:  5.x                                   |
|   \\  /    A nd           | Web:      www.OpenFOAM.org                      |
|    \\/     M anipulation  |                                                 |
\*---------------------------------------------------------------------------*/
FoamFile
{
    version     2.0;
    format      ascii;
    class       volScalarField;
    location    "4.6";
    object      T;
}
// * * * * * * * * * * * * * * * * * * * * * * * * * * * * * * * * * * * * * //

dimensions      [0 0 0 1 0 0 0];

internalField   nonuniform List<scalar> 
2048
(
9.85329
9.85397
9.85532
9.85732
9.85994
9.86316
9.86693
9.87117
9.87583
9.88083
9.88607
9.89147
9.89696
9.90244
9.90786
9.91314
9.91824
9.92312
9.92774
9.9321
9.93618
9.93997
9.94348
9.94671
9.94969
9.95242
9.95492
9.9572
9.95928
9.96119
9.96292
9.9645
9.96594
9.96725
9.96845
9.96954
9.97053
9.97142
9.97224
9.97297
9.97364
9.97424
9.97478
9.97527
9.97571
9.9761
9.97645
9.97677
9.97705
9.97731
9.97754
9.97774
9.97792
9.97809
9.97823
9.97836
9.97848
9.97857
9.97866
9.97873
9.97878
9.97882
9.97885
9.97886
9.56573
9.56774
9.57173
9.57767
9.58547
9.59503
9.6062
9.61882
9.63265
9.64748
9.66305
9.6791
9.69538
9.71165
9.72771
9.74337
9.75848
9.77293
9.78662
9.7995
9.81155
9.82276
9.83313
9.84269
9.85147
9.85953
9.8669
9.87363
9.87978
9.88539
9.89051
9.89517
9.89942
9.90329
9.90682
9.91003
9.91295
9.91559
9.91799
9.92017
9.92213
9.9239
9.9255
9.92693
9.92822
9.92938
9.93042
9.93135
9.93219
9.93294
9.93361
9.93422
9.93476
9.93524
9.93567
9.93605
9.93638
9.93667
9.93692
9.93712
9.93728
9.93741
9.93749
9.93753
9.28923
9.29253
9.29909
9.30884
9.32167
9.3374
9.3558
9.37657
9.39936
9.42379
9.44943
9.47585
9.50262
9.52938
9.55575
9.58144
9.60621
9.62987
9.65228
9.67334
9.69302
9.71131
9.72822
9.7438
9.75811
9.77122
9.78322
9.79417
9.80417
9.81329
9.82161
9.82919
9.8361
9.8424
9.84813
9.85335
9.85809
9.86239
9.8663
9.86983
9.87302
9.8759
9.87849
9.88082
9.88291
9.88479
9.88648
9.888
9.88935
9.89057
9.89167
9.89265
9.89352
9.89431
9.89501
9.89562
9.89617
9.89664
9.89704
9.89737
9.89764
9.89783
9.89797
9.89803
9.02254
9.02709
9.03616
9.04965
9.0674
9.08919
9.1147
9.14351
9.17515
9.20905
9.24461
9.28123
9.31832
9.35533
9.39177
9.42724
9.46138
9.49394
9.52474
9.55366
9.58064
9.60568
9.62882
9.65011
9.66966
9.68755
9.70391
9.71885
9.73247
9.7449
9.75623
9.76656
9.77598
9.78455
9.79237
9.79948
9.80594
9.81181
9.81712
9.82193
9.82628
9.83019
9.83372
9.83689
9.83974
9.8423
9.84459
9.84665
9.8485
9.85015
9.85164
9.85297
9.85416
9.85523
9.85618
9.85702
9.85777
9.85841
9.85896
9.85941
9.85977
9.86004
9.86023
9.86032
8.76463
8.77041
8.78194
8.7991
8.82171
8.84949
8.88205
8.91887
8.95931
9.00264
9.04808
9.09483
9.14213
9.18926
9.2356
9.28061
9.32388
9.36508
9.40398
9.44044
9.47441
9.50589
9.53493
9.56164
9.58612
9.60852
9.62898
9.64765
9.66468
9.6802
9.69435
9.70725
9.71901
9.72973
9.73949
9.74838
9.75645
9.76378
9.77042
9.77643
9.78186
9.78674
9.79114
9.7951
9.79865
9.80183
9.80469
9.80725
9.80955
9.81161
9.81346
9.81512
9.81661
9.81794
9.81913
9.82018
9.82111
9.82192
9.8226
9.82317
9.82363
9.82397
9.8242
9.82431
8.51466
8.52164
8.53558
8.55635
8.58376
8.61751
8.65712
8.70196
8.75124
8.80405
8.85939
8.91628
8.97374
9.03091
9.08702
9.14142
9.1936
9.24318
9.28991
9.33362
9.37427
9.41187
9.44651
9.47832
9.50745
9.53407
9.55837
9.58053
9.60072
9.61913
9.63591
9.65121
9.66515
9.67787
9.68945
9.69999
9.70957
9.71826
9.72614
9.73326
9.73969
9.74548
9.75069
9.75537
9.75957
9.76333
9.76671
9.76973
9.77245
9.77488
9.77707
9.77903
9.7808
9.78237
9.78378
9.78503
9.78614
9.78709
9.78791
9.78859
9.78914
9.78955
9.78982
9.78995
8.27192
8.28008
8.29638
8.3207
8.35288
8.39258
8.43926
8.49219
8.55041
8.61279
8.67814
8.74523
8.81288
8.88006
8.94584
9.00948
9.07039
9.12813
9.18242
9.2331
9.28012
9.32353
9.36346
9.40007
9.43355
9.46412
9.49199
9.51738
9.54052
9.5616
9.58081
9.59833
9.61431
9.62888
9.64215
9.65423
9.66521
9.67517
9.6842
9.69236
9.69972
9.70634
9.7123
9.71764
9.72244
9.72673
9.73058
9.73403
9.73713
9.7399
9.7424
9.74464
9.74665
9.74846
9.75007
9.75151
9.75278
9.75388
9.75482
9.75561
9.75624
9.75671
9.75702
9.75718
8.03586
8.04516
8.06375
8.09157
8.12847
8.1741
8.22791
8.28904
8.35634
8.42848
8.50398
8.58138
8.65929
8.73647
8.81188
8.88464
8.95411
9.01979
9.08139
9.13874
9.19183
9.24075
9.28566
9.32676
9.3643
9.39853
9.42971
9.45809
9.48394
9.50749
9.52895
9.54852
9.56638
9.58266
9.5975
9.61101
9.62329
9.63443
9.64452
9.65363
9.66185
9.66925
9.67589
9.68184
9.68717
9.69195
9.69623
9.70007
9.70351
9.7066
9.70937
9.71187
9.71411
9.71613
9.71793
9.71954
9.72096
9.7222
9.72326
9.72415
9.72486
9.72539
9.72575
9.72592
7.80601
7.8164
7.83722
7.86845
7.91
7.96157
8.02258
8.09204
8.16863
8.25074
8.33661
8.42448
8.51274
8.59996
8.68494
8.76673
8.84459
8.918
8.98665
9.0504
9.10926
9.16337
9.21295
9.25824
9.29955
9.33717
9.37139
9.40253
9.43087
9.45667
9.4802
9.50166
9.52124
9.53911
9.5554
9.57023
9.58371
9.59594
9.60701
9.61701
9.62602
9.63411
9.64138
9.64788
9.65371
9.65892
9.66359
9.66778
9.67153
9.6749
9.67792
9.68065
9.6831
9.68531
9.68729
9.68906
9.69062
9.69199
9.69317
9.69415
9.69494
9.69553
9.69592
9.69612
7.582
7.59344
7.61638
7.65091
7.69704
7.75453
7.8228
7.90078
7.9869
8.07926
8.17574
8.27429
8.37303
8.47032
8.56486
8.65557
8.74166
8.8226
8.89805
8.9679
9.03223
9.09122
9.14515
9.19434
9.23913
9.27986
9.31689
9.35054
9.38114
9.40901
9.43442
9.45761
9.47879
9.49811
9.51574
9.53179
9.54638
9.55961
9.57159
9.5824
9.59213
9.60086
9.60869
9.6157
9.62196
9.62757
9.63258
9.63708
9.64111
9.64473
9.64798
9.65091
9.65356
9.65594
9.65808
9.66
9.6617
9.66319
9.66448
9.66555
9.66641
9.66706
9.66749
9.66771
7.36357
7.37598
7.40092
7.4386
7.48918
7.55256
7.62817
7.71487
7.81083
7.91375
8.02115
8.1306
8.23995
8.34739
8.45144
8.55097
8.64515
8.7334
8.8154
8.89107
8.96054
9.02409
9.08207
9.13486
9.18286
9.22644
9.26602
9.30195
9.33461
9.36435
9.39147
9.41624
9.43888
9.45955
9.4784
9.49558
9.51119
9.52535
9.53815
9.5497
9.56009
9.56941
9.57775
9.5852
9.59186
9.59781
9.60313
9.6079
9.61218
9.61602
9.61948
9.6226
9.62541
9.62795
9.63025
9.6323
9.63413
9.63574
9.63713
9.63829
9.63922
9.63992
9.64039
9.64063
7.1505
7.16378
7.19057
7.23122
7.2861
7.35528
7.43831
7.53396
7.64009
7.75397
7.87262
7.99324
8.11336
8.23097
8.34451
8.45277
8.55487
8.65022
8.7385
8.81969
8.894
8.9618
9.02352
9.07961
9.13054
9.17673
9.21861
9.2566
9.29112
9.32253
9.35121
9.37741
9.40138
9.42329
9.44328
9.46149
9.47804
9.49304
9.50661
9.51884
9.52983
9.53968
9.54847
9.55632
9.56332
9.56957
9.57517
9.58017
9.58467
9.58871
9.59234
9.59563
9.5986
9.60128
9.60371
9.6059
9.60785
9.60957
9.61106
9.6123
9.6133
9.61406
9.61457
9.61482
6.94264
6.9567
6.98514
7.02852
7.08747
7.16234
7.25286
7.35772
7.47444
7.5997
7.72999
7.86203
7.99307
8.12092
8.2439
8.36077
8.47063
8.57287
8.66717
8.75357
8.83238
8.90411
8.96927
9.02839
9.08198
9.13052
9.17448
9.21432
9.25048
9.2834
9.31347
9.34098
9.36617
9.38921
9.41025
9.42941
9.44682
9.46261
9.47687
9.48972
9.50126
9.51157
9.52077
9.52896
9.53627
9.54279
9.54861
9.55383
9.55851
9.56272
9.56651
9.56994
9.57305
9.57587
9.57843
9.58074
9.5828
9.58463
9.58621
9.58754
9.58861
9.58941
9.58996
9.59022
6.7399
6.7546
6.78446
6.83028
6.89302
6.97342
7.07147
7.18584
7.31361
7.45076
7.59309
7.73686
7.87896
8.01705
8.14942
8.27478
8.39223
8.50114
8.6012
8.69249
8.77548
8.8508
8.9191
8.98097
9.03698
9.08764
9.13346
9.17493
9.21255
9.2468
9.27811
9.30681
9.33312
9.3572
9.3792
9.39924
9.41744
9.43394
9.44884
9.46226
9.47428
9.48502
9.49457
9.50307
9.51063
9.51737
9.5234
9.5288
9.53364
9.53799
9.54192
9.54548
9.54871
9.55165
9.55432
9.55675
9.55893
9.56086
9.56253
9.56394
9.56507
9.56593
9.56651
9.56679
6.54222
6.55743
6.58844
6.63634
6.70252
6.7882
6.8938
7.01801
7.1574
7.307
7.46182
7.61759
7.77087
7.91921
8.06089
8.19461
8.31947
8.43486
8.54038
8.63623
8.72304
8.80165
8.8728
8.93715
8.99534
9.0479
9.09536
9.13827
9.17716
9.21257
9.24498
9.27475
9.30209
9.32714
9.35002
9.37086
9.38979
9.40694
9.42243
9.43636
9.44883
9.45994
9.4698
9.47855
9.48633
9.49326
9.49946
9.50501
9.50999
9.51447
9.51851
9.52218
9.52551
9.52856
9.53135
9.53388
9.53617
9.53819
9.53996
9.54144
9.54265
9.54356
9.54417
9.54447
6.34959
6.36515
6.39699
6.44656
6.51573
6.60638
6.71949
6.85393
7.00561
7.1683
7.33607
7.50414
7.66869
7.82722
7.97811
8.12004
8.25215
8.3738
8.48452
8.58457
8.67485
8.75642
8.83013
8.89672
8.95686
9.0111
9.06001
9.10416
9.14414
9.18054
9.21393
9.24469
9.27297
9.29891
9.32262
9.34419
9.36378
9.38153
9.39754
9.41195
9.42483
9.43627
9.44639
9.45535
9.46331
9.47039
9.47673
9.4824
9.4875
9.49209
9.49623
9.49998
9.50341
9.50655
9.50944
9.51209
9.51447
9.5166
9.51845
9.52001
9.52128
9.52224
9.52288
9.5232
6.16203
6.17775
6.21009
6.26084
6.33247
6.42766
6.54819
6.6933
6.85808
7.03456
7.21575
7.3964
7.57228
7.74092
7.9009
8.05086
8.19003
8.31778
8.43342
8.53728
8.63065
8.71488
8.79087
8.85945
8.92134
8.97707
9.02723
9.07246
9.11335
9.15058
9.18482
9.21647
9.24564
9.27241
9.29687
9.31913
9.33932
9.35761
9.37411
9.38894
9.40219
9.41392
9.42426
9.43338
9.44148
9.44869
9.45514
9.46092
9.46611
9.47078
9.47501
9.47884
9.48234
9.48557
9.48856
9.4913
9.49379
9.49601
9.49795
9.49959
9.50092
9.50193
9.5026
9.50293
5.97957
5.99526
6.02773
6.07912
6.15258
6.25174
6.37954
6.5358
6.7147
6.90574
7.10081
7.29433
7.48151
7.66011
7.82905
7.98684
8.13288
8.26661
8.38689
8.49414
8.5902
8.67679
8.75479
8.82514
8.8886
8.94564
8.99687
9.04301
9.08463
9.12252
9.15749
9.18999
9.21999
9.24752
9.2727
9.29557
9.3163
9.33509
9.35203
9.36725
9.38085
9.39284
9.40334
9.41259
9.42079
9.4281
9.43464
9.4405
9.44577
9.45051
9.4548
9.45869
9.46225
9.46556
9.46865
9.47149
9.47407
9.47639
9.47841
9.48013
9.48153
9.48258
9.48329
9.48363
5.80224
5.81773
5.84992
5.90136
5.9759
6.07833
6.21311
6.38111
6.57539
6.78183
6.99117
7.19788
7.39628
7.58458
7.76235
7.92775
8.08047
8.22012
8.34475
8.45492
8.55324
8.64191
8.72169
8.79357
8.85846
8.91663
8.96877
9.01568
9.05786
9.09622
9.13181
9.16513
9.19591
9.22416
9.25001
9.27344
9.29465
9.3139
9.33124
9.34682
9.36074
9.37295
9.38357
9.3929
9.40118
9.40856
9.41516
9.42109
9.42642
9.43121
9.43555
9.43949
9.4431
9.44648
9.44966
9.45259
9.45527
9.45768
9.45979
9.46158
9.46305
9.46415
9.46489
9.46524
5.63012
5.64519
5.6767
5.72756
5.80233
5.90717
6.04847
6.22883
6.44017
6.66285
6.88677
7.10701
7.31644
7.51409
7.70063
7.87334
8.03252
8.17814
8.30685
8.41938
8.51949
8.61004
8.69135
8.76455
8.83076
8.8899
8.94276
8.99032
9.03289
9.07153
9.10764
9.14177
9.17331
9.20222
9.22871
9.25264
9.27428
9.29396
9.31165
9.32756
9.3418
9.35419
9.36488
9.37425
9.38258
9.39
9.39664
9.40264
9.40801
9.41284
9.41722
9.42119
9.42482
9.42826
9.43154
9.43457
9.43734
9.43985
9.44204
9.44391
9.44545
9.4466
9.44736
9.44771
5.46324
5.47771
5.50814
5.55774
5.63181
5.73798
5.88512
6.07853
6.30915
6.5489
6.78749
7.02176
7.24187
7.44838
7.6437
7.82335
7.98871
8.14057
8.27305
8.38727
8.48867
8.58096
8.66356
8.73786
8.80534
8.86529
8.9187
8.96683
9.0096
9.04832
9.08483
9.11984
9.1521
9.18161
9.20874
9.23311
9.25511
9.27519
9.2932
9.3094
9.32397
9.33653
9.34722
9.35657
9.36495
9.37238
9.37904
9.38509
9.39049
9.39535
9.39976
9.40374
9.40739
9.41088
9.41426
9.41739
9.42025
9.42285
9.42512
9.42707
9.42868
9.42988
9.43066
9.43102
5.30167
5.31536
5.3443
5.39197
5.46432
5.57052
5.72252
5.92967
6.18259
6.4401
6.69315
6.94219
7.17246
7.38708
7.59143
7.77753
7.94869
8.10732
8.24326
8.35835
8.46046
8.5545
8.63814
8.71328
8.78208
8.84266
8.89643
8.94512
8.98791
9.02642
9.06324
9.09924
9.1322
9.16224
9.19003
9.21477
9.23704
9.25754
9.27581
9.29226
9.30721
9.31989
9.33053
9.33981
9.34821
9.35564
9.3623
9.36841
9.37382
9.37868
9.38314
9.38711
9.39074
9.39427
9.39778
9.401
9.40394
9.40665
9.40899
9.41101
9.41271
9.41395
9.41475
9.41511
5.14543
5.15817
5.18526
5.23032
5.29987
5.4046
5.56006
5.78152
6.061
6.33661
6.60345
6.86849
7.10805
7.32977
7.54376
7.73561
7.91201
8.0784
8.21741
8.33233
8.43451
8.53051
8.6149
8.69058
8.76088
8.82189
8.87577
8.9251
8.9677
9.00571
9.04269
9.07994
9.11355
9.144
9.17253
9.19754
9.21999
9.24095
9.25942
9.27607
9.29147
9.30425
9.31474
9.3239
9.33234
9.33974
9.34637
9.35254
9.35795
9.3628
9.3673
9.37125
9.37484
9.3784
9.38205
9.38536
9.38838
9.3912
9.39362
9.3957
9.39749
9.39879
9.39959
9.39995
4.99455
5.0062
5.03109
5.07291
5.13854
5.24007
5.39707
5.63315
5.94517
6.23867
6.51787
6.80095
7.04853
7.27586
7.50073
7.69731
7.87809
8.05391
8.19547
8.30892
8.41041
8.50891
8.5937
8.6695
8.74168
8.80286
8.85655
8.90674
8.94892
8.98602
9.02301
9.06191
9.09608
9.12679
9.1562
9.18137
9.20386
9.22538
9.24395
9.26074
9.27673
9.28956
9.29979
9.30877
9.31729
9.32462
9.3312
9.33747
9.34285
9.34766
9.35223
9.35613
9.35964
9.36322
9.36706
9.37045
9.37353
9.37648
9.37896
9.38109
9.38301
9.38435
9.38515
9.3855
4.84904
4.85948
4.88188
4.91988
4.98048
5.07688
5.23285
5.48324
5.83636
6.14653
6.43564
6.74012
6.99376
7.22456
7.46257
7.66236
7.84618
8.03411
8.17747
8.28781
8.38768
8.48972
8.57437
8.64972
8.72449
8.78545
8.83854
8.89003
8.9315
8.96721
9.004
9.04517
9.07974
9.11048
9.14104
9.16619
9.18854
9.2108
9.22936
9.24616
9.26297
9.2758
9.28564
9.29435
9.30302
9.31025
9.31672
9.32315
9.32847
9.33321
9.33788
9.34172
9.3451
9.34868
9.35277
9.35623
9.35934
9.36246
9.36498
9.36715
9.36922
9.3706
9.37139
9.37172
4.70889
4.71802
4.73769
4.77135
4.82587
4.91506
5.06668
5.32996
5.73646
6.06045
6.35551
6.68686
6.94359
7.17482
7.42978
7.63049
7.81527
8.01949
8.16346
8.26863
8.36574
8.47304
8.5568
8.63087
8.70938
8.76957
8.82148
8.87503
8.91539
8.94912
8.9854
9.0298
9.06449
9.09489
9.12707
9.15195
9.1739
9.19722
9.21557
9.23223
9.2502
9.26293
9.27221
9.28058
9.28952
9.29658
9.30288
9.30956
9.31478
9.3194
9.32426
9.32798
9.33118
9.33473
9.33918
9.34267
9.34577
9.34912
9.35165
9.35384
9.35611
9.35752
9.35828
9.35859
4.57406
4.58181
4.59857
4.62747
4.67495
4.7548
4.8979
5.17072
5.64823
5.98069
6.27569
6.64254
6.89787
7.12515
7.40323
7.60141
7.78399
8.01084
8.15348
8.25101
8.34386
8.45918
8.54084
8.61245
8.69656
8.75512
8.80502
8.86184
8.90059
8.93159
8.9669
9.01596
9.05029
9.07984
9.11436
9.1386
9.15979
9.18468
9.20254
9.21879
9.23845
9.25093
9.25946
9.26735
9.27678
9.28358
9.28962
9.2967
9.30175
9.30618
9.31132
9.31489
9.31784
9.32132
9.32626
9.32974
9.33278
9.33643
9.33893
9.3411
9.34364
9.34507
9.34578
9.34606
4.4445
4.45083
4.46456
4.48838
4.52802
4.59644
4.72602
5.00189
5.57559
5.90745
6.19354
6.60917
6.85642
7.07355
7.38429
7.57488
7.7505
8.00938
8.1476
8.23454
8.32113
8.44864
8.52641
8.59383
8.68637
8.742
8.78872
8.85071
8.88705
8.91449
8.94809
9.00393
9.03711
9.06504
9.10303
9.12608
9.14599
9.17326
9.19022
9.20567
9.2278
9.23977
9.24732
9.25459
9.26482
9.27121
9.27686
9.28458
9.28934
9.29348
9.29909
9.30243
9.30504
9.30837
9.31403
9.31741
9.32031
9.32439
9.32681
9.32889
9.33182
9.33322
9.33387
9.33411
4.32014
4.32503
4.33566
4.3542
4.38539
4.44048
4.55085
4.81843
5.52401
5.8408
6.10541
6.5897
6.81901
7.01729
7.37507
7.55061
7.71233
8.01691
8.14576
8.21882
8.29636
8.44225
8.51337
8.57417
8.67936
8.73012
8.77201
8.84195
8.87477
8.89769
8.92847
8.99409
9.02488
9.05015
9.09332
9.11434
9.13226
9.1631
9.17854
9.19263
9.21837
9.22944
9.23574
9.24216
9.25366
9.25944
9.2645
9.2732
9.27752
9.28123
9.28756
9.29058
9.29276
9.29583
9.30251
9.30566
9.30831
9.31301
9.31524
9.31716
9.32062
9.32196
9.32251
9.3227
4.20089
4.20435
4.21187
4.22504
4.24737
4.28761
4.37271
4.61338
5.50097
5.7806
6.00629
6.58833
6.78534
6.95271
7.37858
7.52833
7.66617
8.03599
8.14777
8.20349
8.26806
8.4412
8.5016
8.55237
8.67633
8.71935
8.75414
8.83609
8.86371
8.88109
8.90736
8.98705
9.01358
9.03471
9.08552
9.10333
9.11826
9.15443
9.16748
9.17938
9.21035
9.21988
9.22466
9.22994
9.24338
9.24824
9.25245
9.26263
9.26626
9.26935
9.27677
9.2793
9.28096
9.28359
9.29174
9.29446
9.29669
9.30229
9.30421
9.30584
9.31007
9.31125
9.31167
9.31181
4.08664
4.08869
4.09314
4.10096
4.11429
4.13865
4.19274
4.3773
5.51652
5.72636
5.88947
6.61083
6.75497
6.87497
7.399
7.50777
7.60768
8.07019
8.15317
8.18829
8.23428
8.44716
8.49094
8.527
8.67845
8.70958
8.73414
8.83385
8.85376
8.86467
8.88386
8.98361
9.0031
9.01811
9.08012
9.09298
9.10356
9.14758
9.15697
9.16553
9.20401
9.21104
9.21404
9.21776
9.23409
9.23758
9.24055
9.25292
9.25554
9.25772
9.26675
9.26857
9.26961
9.27154
9.28178
9.28378
9.28538
9.29228
9.29367
9.29485
9.30016
9.30105
9.30132
9.30141
3.97728
3.97795
3.97942
3.982
3.98641
3.99453
4.01326
4.09758
5.58394
5.67714
5.7462
6.66497
6.72729
6.7778
7.44201
7.48862
7.53126
8.12435
8.16104
8.17313
8.19255
8.46243
8.48119
8.49622
8.68728
8.7006
8.71076
8.83623
8.84475
8.8485
8.85685
8.98485
8.99333
8.99958
9.07772
9.08322
9.08762
9.14298
9.14697
9.1506
9.19973
9.20281
9.20385
9.20539
9.22593
9.22741
9.22864
9.2442
9.24531
9.24621
9.25758
9.25836
9.25872
9.25956
9.27272
9.27359
9.27427
9.28302
9.28362
9.28412
9.29095
9.29135
9.29144
9.29147
)
;

boundaryField
{
    left
    {
        type            zeroGradient;
    }
    right
    {
        type            zeroGradient;
    }
    interface
    {
        type            fixedValue;
        value           nonuniform List<scalar> 
64
(
3.9238
3.9238
3.9238
3.9238
3.9238
3.9238
3.9238
3.9238
5.65371
5.65371
5.65371
6.71408
6.71408
6.71408
7.47936
7.47936
7.47936
8.16553
8.16553
8.16553
8.16553
8.47653
8.47653
8.47653
8.69629
8.69629
8.69629
8.84048
8.84048
8.84048
8.84048
8.98862
8.98862
8.98862
9.07848
9.07848
9.07848
9.1421
9.1421
9.1421
9.19885
9.19885
9.19885
9.19885
9.22245
9.22245
9.22245
9.24031
9.24031
9.24031
9.25338
9.25338
9.25338
9.25338
9.26862
9.26862
9.26862
9.2787
9.2787
9.2787
9.28661
9.28661
9.28661
9.28661
)
;
    }
    bottom
    {
        type            fixedValue;
        value           uniform 10;
    }
    defaultFaces
    {
        type            empty;
    }
}


// ************************************************************************* //
