/*--------------------------------*- C++ -*----------------------------------*\
| =========                 |                                                 |
| \\      /  F ield         | OpenFOAM: The Open Source CFD Toolbox           |
|  \\    /   O peration     | Version:  5.x                                   |
|   \\  /    A nd           | Web:      www.OpenFOAM.org                      |
|    \\/     M anipulation  |                                                 |
\*---------------------------------------------------------------------------*/
FoamFile
{
    version     2.0;
    format      ascii;
    class       volScalarField;
    location    "8.7";
    object      T;
}
// * * * * * * * * * * * * * * * * * * * * * * * * * * * * * * * * * * * * * //

dimensions      [0 0 0 1 0 0 0];

internalField   nonuniform List<scalar> 
2048
(
9.85531
9.856
9.85738
9.85943
9.86212
9.86542
9.86928
9.87363
9.87842
9.88355
9.88894
9.89451
9.90016
9.90583
9.91143
9.91691
9.92221
9.92729
9.93213
9.93669
9.94098
9.94499
9.94872
9.95217
9.95537
9.95832
9.96104
9.96354
9.96584
9.96796
9.96991
9.9717
9.97334
9.97485
9.97623
9.9775
9.97866
9.97972
9.98068
9.98154
9.98233
9.98304
9.98367
9.98423
9.98473
9.98518
9.98557
9.98591
9.98621
9.98647
9.9867
9.98689
9.98706
9.9872
9.98732
9.98743
9.98751
9.98758
9.98764
9.98768
9.98771
9.98774
9.98776
9.98776
9.57167
9.57373
9.57782
9.5839
9.59189
9.60168
9.61314
9.62608
9.64029
9.65552
9.67153
9.68806
9.70485
9.72165
9.73827
9.7545
9.7702
9.78525
9.79957
9.81308
9.82576
9.8376
9.84862
9.85883
9.86826
9.87697
9.88499
9.89238
9.89917
9.90542
9.91116
9.91645
9.9213
9.92575
9.92984
9.93358
9.937
9.94011
9.94295
9.94551
9.94783
9.94991
9.95178
9.95344
9.95492
9.95623
9.95738
9.95839
9.95928
9.96004
9.96071
9.96128
9.96177
9.96219
9.96254
9.96284
9.96309
9.96329
9.96346
9.96359
9.96369
9.96376
9.96381
9.96383
9.29889
9.30226
9.30898
9.31897
9.33211
9.34822
9.36708
9.38839
9.41179
9.43688
9.46325
9.49045
9.51806
9.54568
9.57296
9.5996
9.62534
9.64999
9.67341
9.6955
9.71621
9.73554
9.75351
9.77015
9.78552
9.7997
9.81276
9.82478
9.83583
9.846
9.85534
9.86394
9.87183
9.87908
9.88573
9.89182
9.89739
9.90246
9.90707
9.91124
9.91501
9.9184
9.92143
9.92414
9.92654
9.92866
9.93053
9.93217
9.9336
9.93485
9.93592
9.93685
9.93764
9.93832
9.93889
9.93937
9.93977
9.9401
9.94036
9.94057
9.94074
9.94085
9.94093
9.94097
9.0357
9.04036
9.04964
9.06345
9.08163
9.10395
9.13009
9.15964
9.19211
9.22693
9.26349
9.30119
9.33943
9.37764
9.41534
9.4521
9.48757
9.5215
9.55368
9.58401
9.61241
9.63889
9.66347
9.68622
9.70722
9.72658
9.7444
9.7608
9.77587
9.78974
9.80248
9.8142
9.82498
9.83487
9.84394
9.85225
9.85985
9.86677
9.87306
9.87876
9.88389
9.88851
9.89264
9.89632
9.89959
9.90248
9.90502
9.90724
9.90918
9.91087
9.91233
9.91358
9.91465
9.91557
9.91634
9.91698
9.91752
9.91796
9.91832
9.9186
9.91882
9.91897
9.91908
9.91913
8.78107
8.78699
8.79878
8.81634
8.83949
8.86795
8.90131
8.93906
8.98055
9.02505
9.07176
9.11988
9.16862
9.21727
9.2652
9.31185
9.3568
9.39972
9.44037
9.47861
9.51437
9.54766
9.57853
9.60707
9.63339
9.65764
9.67994
9.70045
9.71931
9.73664
9.75259
9.76725
9.78073
9.79311
9.80447
9.81487
9.82438
9.83304
9.84092
9.84804
9.85447
9.86024
9.86539
9.86999
9.87406
9.87766
9.88082
9.88358
9.88599
9.88809
9.88989
9.89144
9.89277
9.8939
9.89485
9.89565
9.89631
9.89685
9.89729
9.89763
9.8979
9.89809
9.89821
9.89827
8.53415
8.5413
8.55555
8.57681
8.60487
8.63943
8.68
8.72596
8.77651
8.83072
8.8876
8.94613
9.00534
9.06434
9.12236
9.17873
9.23294
9.28459
9.33341
9.37925
9.42205
9.46182
9.49865
9.53266
9.56399
9.59283
9.61934
9.6437
9.66609
9.68668
9.70561
9.72303
9.73905
9.75376
9.76727
9.77964
9.79095
9.80125
9.81061
9.81908
9.82671
9.83355
9.83967
9.84511
9.84993
9.85417
9.85791
9.86117
9.86401
9.86647
9.86859
9.87041
9.87196
9.87328
9.87439
9.87532
9.87609
9.87672
9.87723
9.87763
9.87794
9.87816
9.8783
9.87837
8.29425
8.3026
8.31926
8.34415
8.37708
8.41771
8.46552
8.51976
8.57945
8.64348
8.71061
8.77962
8.84931
8.91862
8.98663
9.05257
9.11584
9.17598
9.23271
9.28585
9.33537
9.3813
9.42376
9.46292
9.49895
9.53208
9.56252
9.59047
9.61616
9.63978
9.6615
9.68149
9.69988
9.71678
9.7323
9.74652
9.75951
9.77135
9.7821
9.79182
9.80058
9.80842
9.81543
9.82165
9.82715
9.832
9.83624
9.83995
9.84318
9.84597
9.84837
9.85043
9.85219
9.85368
9.85493
9.85597
9.85683
9.85754
9.85811
9.85855
9.85889
9.85914
9.8593
9.85937
8.06081
8.07032
8.08933
8.11778
8.15552
8.20223
8.25731
8.31993
8.38892
8.46292
8.54047
8.62006
8.70029
8.77991
8.85784
8.93322
9.00537
9.07378
9.13814
9.19829
9.25421
9.30598
9.35375
9.39773
9.43816
9.4753
9.50938
9.54067
9.56942
9.59584
9.62015
9.64254
9.66314
9.68209
9.69949
9.71544
9.73001
9.74329
9.75534
9.76623
9.77603
9.7848
9.79262
9.79956
9.80569
9.81108
9.81579
9.81991
9.82348
9.82656
9.82921
9.83148
9.83341
9.83504
9.83641
9.83756
9.8385
9.83927
9.83988
9.84036
9.84073
9.841
9.84117
9.84125
7.83336
7.84399
7.86527
7.8972
7.9397
7.99246
8.05489
8.12601
8.2045
8.2887
8.37686
8.46719
8.55805
8.648
8.73582
8.82053
8.90138
8.97784
9.04957
9.11643
9.17844
9.23571
9.28847
9.33697
9.3815
9.42234
9.4598
9.49418
9.52574
9.55476
9.58147
9.60608
9.62874
9.64959
9.66876
9.68632
9.70237
9.717
9.73026
9.74224
9.75301
9.76264
9.77121
9.7788
9.78549
9.79137
9.79651
9.80098
9.80485
9.80819
9.81106
9.81351
9.81559
9.81734
9.81881
9.82004
9.82104
9.82186
9.82251
9.82302
9.82341
9.82369
9.82387
9.82396
7.61157
7.62326
7.6467
7.682
7.72915
7.78795
7.85779
7.93761
8.02583
8.1205
8.21952
8.32079
8.42241
8.52273
8.62039
8.71432
8.80372
8.888
8.96684
9.04012
9.10789
9.17035
9.22777
9.28047
9.32879
9.37307
9.41364
9.45085
9.48501
9.51641
9.54534
9.572
9.59657
9.61921
9.64001
9.65909
9.67653
9.6924
9.7068
9.71979
9.73146
9.74187
9.75113
9.75931
9.76651
9.77282
9.77833
9.78312
9.78726
9.79082
9.79387
9.79648
9.79868
9.80054
9.80209
9.80337
9.80443
9.80528
9.80596
9.80649
9.80689
9.80718
9.80737
9.80746
7.39516
7.40783
7.43331
7.47182
7.52351
7.5883
7.66563
7.75433
7.85258
7.95805
8.06823
8.18067
8.29318
8.40391
8.51139
8.61444
8.71221
8.80411
8.88979
8.96918
9.04239
9.10971
9.17147
9.22807
9.27989
9.32732
9.37075
9.41055
9.44707
9.48066
9.51162
9.54018
9.56653
9.59083
9.61317
9.63366
9.65239
9.66944
9.68488
9.69882
9.71131
9.72245
9.73233
9.74104
9.7487
9.75539
9.76122
9.76628
9.77065
9.7744
9.77761
9.78034
9.78264
9.78458
9.78619
9.78752
9.78862
9.7895
9.79019
9.79074
9.79114
9.79143
9.79162
9.79171
7.18392
7.19749
7.22485
7.26638
7.32244
7.39314
7.47803
7.57585
7.68447
7.80112
7.92279
8.04665
8.1702
8.2914
8.40865
8.52072
8.6267
8.72599
8.81824
8.90343
8.98175
9.05359
9.11938
9.17957
9.23461
9.28493
9.33096
9.37311
9.41179
9.44736
9.48018
9.5105
9.53851
9.56435
9.58813
9.60994
9.62987
9.64801
9.66444
9.67925
9.6925
9.7043
9.71474
9.72393
9.73198
9.73901
9.74512
9.75041
9.75497
9.75888
9.76222
9.76504
9.76743
9.76943
9.77109
9.77245
9.77357
9.77446
9.77517
9.77572
9.77612
9.77641
9.7766
9.77669
6.97773
6.99208
7.02112
7.06543
7.12563
7.20212
7.29463
7.40183
7.52123
7.64949
7.78304
7.91859
8.05333
8.18503
8.312
8.43297
8.547
8.65346
8.75201
8.84267
8.92577
9.00181
9.0713
9.13479
9.19277
9.24573
9.29411
9.33839
9.379
9.41638
9.4509
9.48283
9.51238
9.53966
9.56479
9.58784
9.6089
9.62806
9.6454
9.66101
9.67497
9.68737
9.69831
9.70792
9.71632
9.72363
9.72998
9.73547
9.74019
9.74422
9.74766
9.75056
9.753
9.75504
9.75674
9.75812
9.75925
9.76015
9.76085
9.7614
9.7618
9.76208
9.76227
9.76235
6.77649
6.7915
6.82199
6.86877
6.93283
7.01494
7.11509
7.23197
7.36263
7.503
7.64884
7.79636
7.94242
8.08464
8.22128
8.35102
8.47292
8.58633
8.6909
8.78671
8.87424
8.95413
9.02703
9.09352
9.15419
9.20953
9.26004
9.30622
9.34857
9.38756
9.42362
9.45705
9.48803
9.51667
9.54306
9.56726
9.58938
9.60949
9.62768
9.64404
9.65865
9.67159
9.68298
9.69295
9.70164
9.70921
9.71575
9.7214
9.72624
9.73038
9.73389
9.73685
9.73933
9.74139
9.7431
9.74449
9.74562
9.74651
9.74721
9.74774
9.74814
9.74841
9.74859
9.74867
6.58017
6.5957
6.62735
6.67624
6.74379
6.83127
6.93909
7.06597
7.20845
7.3615
7.52007
7.67986
7.83736
7.99009
8.13632
8.27469
8.40428
8.52443
8.63473
8.73534
8.82694
8.91036
8.98634
9.05557
9.11867
9.17616
9.22857
9.27645
9.32033
9.36076
9.39822
9.43303
9.46536
9.49527
9.52284
9.54813
9.57123
9.59223
9.61121
9.62827
9.64347
9.6569
9.66868
9.67896
9.68791
9.69567
9.70238
9.70815
9.71309
9.7173
9.72086
9.72385
9.72636
9.72843
9.73014
9.73153
9.73265
9.73353
9.73421
9.73473
9.7351
9.73537
9.73553
9.73561
6.38877
6.40464
6.43714
6.48772
6.55831
6.65082
6.76627
6.90354
7.05852
7.22488
7.39665
7.56899
7.73802
7.90122
8.05692
8.20377
8.34088
8.46757
8.58331
8.68835
8.78364
8.87025
8.94903
9.02073
9.08603
9.14545
9.19955
9.24893
9.29415
9.33583
9.37455
9.41065
9.44424
9.47536
9.50405
9.53036
9.55437
9.5762
9.59592
9.61362
9.62938
9.64325
9.65537
9.66591
9.67506
9.68298
9.68981
9.69568
9.70069
9.70495
9.70854
9.71155
9.71405
9.71613
9.71783
9.71921
9.7203
9.72116
9.72182
9.72231
9.72267
9.72291
9.72307
9.72314
6.20231
6.21835
6.25134
6.30312
6.37619
6.4733
6.59629
6.74439
6.91268
7.09307
7.27851
7.46368
7.64429
7.81785
7.98291
8.13806
8.2825
8.41555
8.53645
8.64553
8.74412
8.83359
8.91487
8.9888
9.05609
9.11723
9.17283
9.22352
9.26988
9.31264
9.35248
9.3898
9.42459
9.45684
9.4866
9.51386
9.53873
9.56133
9.58174
9.60004
9.61631
9.63058
9.64298
9.65373
9.66304
9.67108
9.678
9.68394
9.689
9.69328
9.69689
9.69989
9.70238
9.70444
9.70612
9.70748
9.70855
9.70938
9.71001
9.71047
9.7108
9.71103
9.71117
9.71124
6.02083
6.03684
6.06996
6.12238
6.19729
6.29843
6.42878
6.58821
6.77083
6.96602
7.16558
7.36388
7.55604
7.73981
7.9141
8.07735
8.22893
8.36822
8.49398
8.60665
8.70812
8.80016
8.88367
8.95958
9.02867
9.09135
9.14824
9.20007
9.24738
9.29103
9.33188
9.37036
9.4063
9.43963
9.4704
9.49855
9.52422
9.54755
9.56859
9.58745
9.6042
9.61883
9.63146
9.64236
9.65179
9.65992
9.66691
9.67289
9.67798
9.68227
9.68586
9.68885
9.69131
9.69334
9.695
9.69632
9.69736
9.69816
9.69875
9.69918
9.69948
9.69968
9.69981
9.69987
5.8444
5.86019
5.89302
5.94548
6.02147
6.12592
6.26334
6.43467
6.63291
6.84374
7.05782
7.26955
7.47318
7.6669
7.85029
8.0214
8.17993
8.3254
8.45574
8.5715
8.6754
8.76973
8.85521
8.93287
9.00361
9.06764
9.12565
9.17846
9.22654
9.27087
9.31262
9.35223
9.38927
9.42364
9.45539
9.48437
9.51076
9.53478
9.55642
9.5758
9.59301
9.60796
9.62076
9.63176
9.64128
9.64946
9.65648
9.66249
9.66758
9.67186
9.67543
9.67838
9.68081
9.6828
9.68442
9.68571
9.68671
9.68746
9.68801
9.6884
9.68867
9.68885
9.68895
9.68901
5.67307
5.68844
5.72057
5.77242
5.84864
5.95551
6.09953
6.2834
6.49893
6.72626
6.95516
7.18069
7.39558
7.59889
7.7913
7.96997
8.13522
8.28695
8.42157
8.53985
8.6457
8.74209
8.82929
8.90847
8.98076
9.04597
9.10491
9.15857
9.20722
9.25203
9.29454
9.33531
9.37344
9.40878
9.44148
9.47124
9.49829
9.52296
9.54515
9.56502
9.58269
9.59791
9.61082
9.62187
9.63144
9.63965
9.64668
9.6527
9.65777
9.66202
9.66556
9.66846
9.67084
9.67278
9.67436
9.67561
9.67656
9.67727
9.67777
9.67812
9.67835
9.6785
9.67859
9.67863
5.50691
5.52166
5.55268
5.60324
5.67874
5.78693
5.93685
6.13395
6.36904
6.61369
6.85751
7.09732
7.32312
7.53551
7.73696
7.92283
8.09452
8.25278
8.39137
8.51146
8.61873
8.71705
8.80571
8.88618
8.95998
9.02619
9.08587
9.14032
9.18933
9.23435
9.27753
9.31954
9.35872
9.39497
9.42864
9.45909
9.48672
9.51204
9.53472
9.55504
9.5732
9.58866
9.6016
9.61264
9.62224
9.63045
9.63746
9.64348
9.64852
9.65272
9.65621
9.65906
9.66137
9.66325
9.66479
9.666
9.6669
9.66755
9.66801
9.66831
9.66849
9.66861
9.66868
9.66872
5.34597
5.35993
5.38943
5.43801
5.51174
5.61995
5.77477
5.98578
6.2435
6.50616
6.76468
7.01954
7.25569
7.4764
7.68716
7.87971
8.05746
8.22282
8.36506
8.48609
8.59418
8.69444
8.7843
8.86579
8.94115
9.00819
9.06839
9.12361
9.17277
9.21771
9.26142
9.30484
9.34505
9.38212
9.4168
9.44786
9.47598
9.50196
9.52508
9.54579
9.56449
9.58016
9.59305
9.60402
9.61364
9.62181
9.62878
9.63479
9.63979
9.64393
9.64737
9.65015
9.65237
9.65419
9.65569
9.65685
9.6577
9.65829
9.65869
9.65894
9.65908
9.65916
9.65921
9.65924
5.19032
5.2033
5.23091
5.27683
5.34769
5.45437
5.61268
5.83819
6.12283
6.40385
6.67637
6.94752
7.19316
7.42115
7.64183
7.84034
8.02358
8.19709
8.34257
8.46346
8.57169
8.67413
8.76488
8.84706
8.9242
8.99183
9.0523
9.10841
9.15747
9.20195
9.24605
9.29119
9.33237
9.37014
9.40593
9.4375
9.46598
9.49269
9.51616
9.53721
9.55654
9.57239
9.58512
9.59594
9.60559
9.61371
9.62061
9.62662
9.63156
9.63561
9.639
9.64169
9.64382
9.64557
9.64703
9.64814
9.64893
9.64946
9.6498
9.65
9.65009
9.65013
9.65017
9.65019
5.03996
5.05184
5.0772
5.11982
5.18667
5.29007
5.4499
5.69021
6.00785
6.307
6.59208
6.88161
7.13541
7.36915
7.60106
7.80447
7.99231
8.17573
8.32391
8.44329
8.55086
8.65606
8.7473
8.82973
8.9091
8.97702
9.03742
9.09468
9.14338
9.18692
9.23123
9.27861
9.32064
9.35891
9.39603
9.42795
9.45662
9.4842
9.50791
9.5292
9.54935
9.56531
9.57776
9.58835
9.59808
9.60611
9.61289
9.61893
9.62378
9.62773
9.63107
9.63367
9.63569
9.63736
9.63879
9.63985
9.64058
9.64104
9.64132
9.64146
9.64149
9.6415
9.64152
9.64153
4.89493
4.90557
4.9284
4.96711
5.02883
5.12699
5.28574
5.54053
5.89986
6.21588
6.511
6.82235
7.0823
7.31962
7.56507
7.7718
7.96288
8.15903
8.30911
8.42525
8.53119
8.64026
8.73143
8.81349
8.89586
8.96366
9.02352
9.08246
9.13044
9.17247
9.21674
9.26713
9.30983
9.3483
9.38711
9.41916
9.44779
9.47649
9.50028
9.52166
9.54291
9.55892
9.57091
9.58119
9.59107
9.59897
9.60559
9.6117
9.61645
9.62025
9.62358
9.62607
9.62796
9.62953
9.63095
9.63196
9.63262
9.633
9.63323
9.63331
9.63327
9.63325
9.63325
9.63325
4.75521
4.76452
4.78457
4.81885
4.87437
4.96518
5.11946
5.38729
5.80077
6.13075
6.43191
6.77065
7.03371
7.27146
7.53441
7.74208
7.93424
8.14751
8.29825
8.40898
8.51208
8.62687
8.71713
8.79793
8.88461
8.95164
9.01032
9.07184
9.11864
9.15844
9.20228
9.2569
9.2999
9.33812
9.37923
9.41108
9.43933
9.46959
9.49322
9.51447
9.53726
9.5532
9.56454
9.57438
9.58456
9.59226
9.59866
9.60492
9.60953
9.61316
9.61649
9.61886
9.62059
9.62207
9.62349
9.62445
9.62503
9.62533
9.6255
9.62553
9.62541
9.62536
9.62534
9.62534
4.62079
4.62868
4.64577
4.6752
4.72355
4.80484
4.95043
5.22787
5.71341
6.05191
6.35294
6.72791
6.98948
7.22319
7.50998
7.71504
7.90498
8.14202
8.29139
8.39409
8.49276
8.61625
8.70429
8.78252
8.8756
8.94089
8.99745
9.06298
9.10798
9.14466
9.18751
9.24815
9.29082
9.32813
9.37251
9.40368
9.43107
9.46358
9.48668
9.50746
9.53246
9.54813
9.55857
9.56784
9.57856
9.58597
9.59204
9.59859
9.603
9.6064
9.60979
9.61202
9.61357
9.61493
9.6164
9.61731
9.6178
9.61802
9.61813
9.61811
9.6179
9.6178
9.61778
9.61777
4.4916
4.49805
4.51204
4.5363
4.57666
4.6463
4.77812
5.0586
5.64175
5.97953
6.27146
6.6962
6.94944
7.17273
7.49322
7.69039
7.8732
8.14386
8.28861
8.38019
8.47229
8.60895
8.69281
8.76659
8.86922
8.93131
8.98441
9.05617
9.09846
9.13099
9.17195
9.24123
9.28257
9.318
9.36716
9.39691
9.42276
9.45859
9.48061
9.50041
9.52863
9.54371
9.55296
9.56147
9.57308
9.58006
9.58568
9.5927
9.59683
9.59994
9.60349
9.60553
9.60687
9.6081
9.60967
9.61051
9.61091
9.61102
9.61109
9.61102
9.6107
9.61058
9.61054
9.61054
4.36758
4.37257
4.3834
4.40228
4.43403
4.49011
4.60236
4.87436
5.59136
5.91372
6.18372
6.67857
6.91336
7.1173
7.48631
7.66789
7.83632
8.15493
8.28988
8.36685
8.44942
8.60588
8.68257
8.74923
8.86612
8.92282
8.97057
9.05183
9.09007
9.11729
9.15497
9.23669
9.27512
9.3073
9.36348
9.39072
9.41408
9.45484
9.47497
9.49304
9.52594
9.53992
9.54764
9.55515
9.56819
9.57451
9.57949
9.58729
9.59101
9.59372
9.59757
9.59938
9.60047
9.60154
9.60328
9.60403
9.60435
9.60434
9.60436
9.60426
9.6038
9.60366
9.60362
9.60362
4.24866
4.25218
4.25984
4.27326
4.296
4.33694
4.42348
4.66809
5.56986
5.85432
6.08461
6.67928
6.88094
7.05313
7.49238
7.64726
7.79089
8.17794
8.29502
8.35372
8.42255
8.60833
8.67347
8.72923
8.86722
8.9153
8.95507
9.05059
9.0828
9.10348
9.13576
9.23526
9.26842
9.29544
9.36192
9.38506
9.40459
9.45265
9.46972
9.485
9.52464
9.53671
9.54258
9.54873
9.56397
9.56929
9.57338
9.58239
9.58551
9.5877
9.59205
9.59354
9.59436
9.59522
9.59724
9.59788
9.59809
9.59795
9.59794
9.59783
9.59718
9.59704
9.59701
9.597
4.13471
4.1368
4.14134
4.1493
4.16287
4.18766
4.24266
4.43022
5.58746
5.80087
5.96732
6.70426
6.85176
6.97526
7.51576
7.62822
7.73241
8.21662
8.30353
8.34054
8.38963
8.61814
8.66533
8.70502
8.87383
8.90863
8.93679
9.05332
9.07656
9.08956
9.11323
9.238
9.26239
9.28167
9.3631
9.37987
9.39376
9.45248
9.46481
9.4758
9.5251
9.53403
9.53771
9.54203
9.56055
9.56438
9.56723
9.57807
9.58031
9.58182
9.58694
9.588
9.58851
9.58911
9.59155
9.59201
9.59213
9.59183
9.59181
9.5917
9.59082
9.5907
9.59068
9.59067
4.02564
4.02632
4.02782
4.03045
4.03494
4.0432
4.06225
4.14792
5.65766
5.75241
5.8229
6.76147
6.82522
6.87721
7.56232
7.61049
7.65499
8.27608
8.3145
8.32725
8.348
8.63777
8.65798
8.67457
8.88773
8.90262
8.91432
9.06121
9.07117
9.07564
9.08597
9.2463
9.25692
9.26498
9.36789
9.37507
9.38087
9.45493
9.46019
9.46484
9.52783
9.53176
9.53303
9.53482
9.5581
9.55974
9.5609
9.57443
9.57538
9.57598
9.58229
9.58274
9.58291
9.58316
9.58623
9.58643
9.58646
9.58597
9.58595
9.58589
9.58469
9.58463
9.58462
9.58462
)
;

boundaryField
{
    left
    {
        type            zeroGradient;
    }
    right
    {
        type            zeroGradient;
    }
    interface
    {
        type            fixedValue;
        value           nonuniform List<scalar> 
64
(
3.9723
3.9723
3.9723
3.9723
3.9723
3.9723
3.9723
3.9723
5.72936
5.72936
5.72936
6.81255
6.81255
6.81255
7.60192
7.60192
7.60192
8.32054
8.32054
8.32054
8.32054
8.65449
8.65449
8.65449
8.89977
8.89977
8.89977
9.06868
9.06868
9.06868
9.06868
9.25431
9.25431
9.25431
9.37277
9.37277
9.37277
9.45795
9.45795
9.45795
9.53073
9.53073
9.53073
9.53073
9.55748
9.55748
9.55748
9.57298
9.57298
9.57298
9.58018
9.58018
9.58018
9.58018
9.5837
9.5837
9.5837
9.58309
9.58309
9.58309
9.58166
9.58166
9.58166
9.58166
)
;
    }
    bottom
    {
        type            fixedValue;
        value           uniform 10;
    }
    defaultFaces
    {
        type            empty;
    }
}


// ************************************************************************* //
