/*--------------------------------*- C++ -*----------------------------------*\
| =========                 |                                                 |
| \\      /  F ield         | OpenFOAM: The Open Source CFD Toolbox           |
|  \\    /   O peration     | Version:  5.x                                   |
|   \\  /    A nd           | Web:      www.OpenFOAM.org                      |
|    \\/     M anipulation  |                                                 |
\*---------------------------------------------------------------------------*/
FoamFile
{
    version     2.0;
    format      ascii;
    class       volScalarField;
    location    "1.5";
    object      gradTx;
}
// * * * * * * * * * * * * * * * * * * * * * * * * * * * * * * * * * * * * * //

dimensions      [0 -1 0 1 0 0 0];

internalField   nonuniform List<scalar> 
2048
(
0.0148495
0.0443314
0.0731583
0.100848
0.126869
0.15066
0.171655
0.189336
0.203292
0.213268
0.219191
0.221181
0.219526
0.21465
0.207064
0.197323
0.185985
0.173577
0.160574
0.147387
0.134352
0.12173
0.109715
0.0984394
0.0879811
0.0783769
0.0696306
0.0617211
0.0546097
0.0482457
0.0425714
0.0375255
0.033047
0.0290769
0.0255601
0.0224464
0.0196909
0.0172536
0.0150997
0.0131981
0.0115219
0.0100471
0.00875263
0.00761933
0.00663003
0.00576905
0.00502204
0.00437579
0.00381812
0.00333775
0.00292423
0.0025678
0.00225932
0.00199024
0.00175254
0.00153883
0.00134241
0.00115742
0.000978988
0.000803323
0.000627708
0.000450494
0.000271209
9.05344e-05
0.0440787
0.131604
0.217223
0.299522
0.376916
0.447718
0.510214
0.562826
0.604299
0.633851
0.651266
0.65691
0.651668
0.636828
0.613943
0.584685
0.550729
0.513653
0.474875
0.435611
0.396856
0.359382
0.323754
0.290352
0.259403
0.231007
0.205167
0.181815
0.160833
0.142066
0.125341
0.110474
0.0972823
0.0855904
0.0752346
0.0660664
0.0579528
0.0507763
0.0444336
0.038834
0.0338981
0.0295556
0.0257442
0.0224078
0.0194959
0.0169623
0.0147647
0.0128641
0.0112246
0.00981302
0.00859849
0.00755222
0.00664726
0.0058583
0.00516161
0.00453525
0.00395932
0.00341642
0.00289208
0.00237502
0.0018572
0.00133357
0.00080235
0.000267431
0.0725042
0.216519
0.357522
0.493237
0.621048
0.73811
0.841488
0.928459
0.996842
1.04528
1.07341
1.08188
1.07224
1.0467
1.00791
0.958727
0.901945
0.840205
0.775856
0.710901
0.646963
0.585293
0.526793
0.47206
0.421437
0.375063
0.332925
0.294894
0.260762
0.230264
0.203108
0.178985
0.157593
0.138639
0.121854
0.106995
0.0938453
0.0822136
0.0719327
0.062856
0.0548551
0.0478166
0.0416398
0.0362343
0.0315181
0.0274164
0.0238606
0.0207872
0.018138
0.0158589
0.0138998
0.0122139
0.0107574
0.00948893
0.00836963
0.00736343
0.00643756
0.00556326
0.00471661
0.00387908
0.00303772
0.00218418
0.00131301
0.000436228
0.100366
0.299822
0.495378
0.68398
0.86199
1.02533
1.16969
1.29104
1.3861
1.45286
1.49079
1.5009
1.48551
1.4479
1.39196
1.32176
1.24133
1.15437
1.06418
0.97353
0.884641
0.799204
0.718414
0.643041
0.573502
0.509943
0.452305
0.400377
0.353846
0.312331
0.275408
0.242643
0.213607
0.187892
0.165125
0.144972
0.127137
0.111359
0.0974114
0.085097
0.0742421
0.0646939
0.0563164
0.0489878
0.0425971
0.0370426
0.0322309
0.0280758
0.0244977
0.0214231
0.0187839
0.0165163
0.0145604
0.0128598
0.0113608
0.0100137
0.00877283
0.00759809
0.00645594
0.00532058
0.0041747
0.0030083
0.00180834
0.000598805
0.127806
0.381972
0.631649
0.873124
1.10174
1.31206
1.49819
1.65448
1.77634
1.86095
1.90763
1.91785
1.89488
1.84329
1.76834
1.67552
1.57011
1.45696
1.3403
1.22366
1.10984
1.00091
0.898315
0.802932
0.715207
0.635246
0.562912
0.497888
0.439739
0.387949
0.34196
0.301198
0.265105
0.233157
0.20488
0.179849
0.157694
0.138092
0.120762
0.105459
0.0919699
0.0801059
0.0696999
0.0606011
0.0526721
0.0457865
0.0398274
0.0346873
0.0302667
0.0264739
0.0232238
0.0204372
0.018039
0.0159582
0.0141272
0.0124824
0.0109654
0.00952452
0.00811615
0.00670665
0.00527463
0.00381103
0.00229257
0.000757132
0.154873
0.463149
0.766757
1.06148
1.34166
1.60033
1.82968
2.02205
2.17119
2.27328
2.32748
2.3359
2.30305
2.23504
2.13876
2.02123
1.88913
1.74848
1.60446
1.46135
1.32247
1.19024
1.06627
0.951491
0.846306
0.750735
0.664523
0.587223
0.518255
0.456959
0.402625
0.354534
0.311993
0.274357
0.241051
0.211567
0.185465
0.162366
0.14194
0.123901
0.108
0.0940162
0.0817557
0.0710421
0.0617139
0.0536215
0.0466266
0.040601
0.0354269
0.0309956
0.0272067
0.0239663
0.0211856
0.0187796
0.016667
0.0147708
0.0130194
0.0113491
0.00970558
0.00804646
0.0063461
0.00459876
0.00276988
0.000912948
0.181524
0.543272
0.900712
1.24935
1.58256
1.89161
2.16634
2.39654
2.5738
2.69305
2.75333
2.75766
2.71214
2.62477
2.50437
2.35969
2.19889
2.02918
1.85673
1.68654
1.52241
1.36704
1.22213
1.08858
0.966677
0.856307
0.757053
0.668312
0.589344
0.519326
0.457387
0.402651
0.354279
0.311505
0.273654
0.24014
0.210463
0.184191
0.160953
0.140427
0.122333
0.106423
0.092481
0.080307
0.0697182
0.0605439
0.0526248
0.0458138
0.0399757
0.0349862
0.0307309
0.0271028
0.0240002
0.0213254
0.0189835
0.016884
0.0149418
0.0130807
0.0112344
0.00935056
0.00739896
0.00537897
0.00324481
0.00106795
0.207628
0.622004
1.03312
1.43654
1.82469
2.18685
2.50993
2.7804
2.98701
3.12314
3.18779
3.18527
3.12376
3.01362
2.86591
2.69132
2.49956
2.2991
2.09703
1.89908
1.7095
1.53117
1.3658
1.21414
1.0763
0.951971
0.840533
0.7412
0.653061
0.575119
0.506326
0.445635
0.392053
0.344688
0.30277
0.265642
0.232751
0.203622
0.177848
0.155077
0.135001
0.117354
0.101897
0.0884137
0.0767006
0.0665671
0.0578343
0.0503366
0.0439225
0.0384538
0.0338034
0.0298528
0.0264889
0.0236018
0.0210836
0.01883
0.0167421
0.0147299
0.0127142
0.0106308
0.00844403
0.00615984
0.00372229
0.00122388
0.232972
0.698761
1.16322
1.62235
2.06781
2.48658
2.86188
3.17585
3.4135
3.5662
3.63314
3.62045
3.53906
3.40226
3.22371
3.01622
2.79111
2.55807
2.32516
2.09877
1.88356
1.68252
1.49723
1.32819
1.17526
1.03784
0.915089
0.806024
0.709549
0.624487
0.549599
0.483646
0.425471
0.374054
0.328532
0.28819
0.252431
0.220746
0.192701
0.167916
0.146062
0.126856
0.110045
0.0953968
0.0826915
0.0717184
0.0622793
0.0541909
0.0472863
0.0414145
0.0364379
0.032228
0.0286619
0.0256183
0.0229768
0.0206188
0.0184311
0.0163089
0.0141582
0.0119001
0.0094931
0.00695021
0.00420751
0.00138254
0.257264
0.772728
1.28985
1.80562
2.31118
2.79091
3.22339
3.58502
3.85584
4.02474
4.0914
4.06458
3.95881
3.79098
3.57777
3.33422
3.07329
2.80584
2.54084
2.28536
2.04443
1.82102
1.61645
1.43086
1.26372
1.11411
0.980932
0.862996
0.75902
0.667643
0.58742
0.516901
0.454742
0.399793
0.351111
0.307933
0.269633
0.235679
0.205611
0.17903
0.155589
0.134992
0.116977
0.101303
0.087732
0.0760349
0.0659933
0.0574063
0.0500927
0.0438905
0.038653
0.0342441
0.0305325
0.0273868
0.0246739
0.0222613
0.0200204
0.0178304
0.01558
0.0131726
0.0105589
0.00775948
0.00470592
0.00154587
0.28014
0.842875
1.4115
1.98473
2.55356
3.09952
3.59541
4.01004
4.31671
4.50122
4.56438
4.51868
4.38335
4.17968
3.92775
3.64493
3.34573
3.04205
2.74372
2.45855
2.19191
1.94662
1.72355
1.52232
1.34192
1.18105
1.03834
0.912386
0.801736
0.704847
0.620055
0.54566
0.480112
0.42213
0.370705
0.325043
0.284506
0.248548
0.216692
0.188518
0.163667
0.141834
0.122756
0.106186
0.0918712
0.079561
0.0690164
0.0600186
0.0523728
0.0459079
0.0404705
0.035919
0.0321159
0.0289204
0.026187
0.0237689
0.0215217
0.0193074
0.0169942
0.0144633
0.0116552
0.00859759
0.00522324
0.00171593
0.301181
0.907989
1.52633
2.15757
2.79316
3.41168
3.97878
4.45315
4.79891
4.9981
5.05367
4.98343
4.81263
4.56791
4.27307
3.94779
3.60794
3.26628
2.93343
2.61805
2.32586
2.05934
1.81869
1.60285
1.4102
1.23902
1.08765
0.954514
0.837995
0.736394
0.647802
0.570219
0.501858
0.441314
0.387529
0.339705
0.29721
0.259495
0.226066
0.19649
0.17039
0.147461
0.127449
0.110106
0.0951633
0.0823461
0.0713932
0.0620673
0.054161
0.0474959
0.0419145
0.0372725
0.0334282
0.0302329
0.0275281
0.0251525
0.0229462
0.0207524
0.0184156
0.015788
0.0127967
0.009475
0.00576543
0.00189502
0.319926
0.966712
1.63222
2.32157
3.02766
3.72622
4.3742
4.9168
5.30552
5.51783
5.56067
5.45916
5.24619
4.95485
4.61289
4.24208
3.85943
3.47815
3.10961
2.76355
2.44614
2.15926
1.90212
1.67279
1.46895
1.2884
1.12925
0.989728
0.868119
0.762595
0.670982
0.5909
0.52028
0.457608
0.40181
0.35211
0.30791
0.268663
0.233863
0.203058
0.175857
0.151957
0.131127
0.113125
0.0976651
0.0844427
0.0731717
0.0635951
0.0554941
0.0486854
0.0430103
0.0383246
0.0344861
0.0313384
0.0287092
0.0264225
0.0243041
0.0221773
0.0198588
0.0171637
0.0139993
0.0104027
0.00633863
0.0020856
0.335891
1.01759
1.7268
2.47373
3.25411
4.04141
4.78227
5.40384
5.84004
6.06295
6.0865
5.94579
5.68316
5.33939
4.94619
4.52705
4.0997
3.67731
3.27187
2.89473
2.55265
2.24652
1.97414
1.73255
1.51863
1.32965
1.16355
1.0184
0.892436
0.783773
0.689938
0.608048
0.53569
0.471284
0.413776
0.362449
0.316768
0.276198
0.240212
0.20834
0.180169
0.155404
0.133857
0.115305
0.0994354
0.0859052
0.0744013
0.0646461
0.0564098
0.0495082
0.0437836
0.0390957
0.035306
0.0322508
0.0297416
0.0275882
0.025604
0.0235927
0.0213384
0.0186082
0.0152806
0.011392
0.00694879
0.00229016
0.348596
1.05915
1.80754
2.61065
3.46896
4.35496
5.20346
5.91767
6.40651
6.63597
6.63201
6.44287
6.1222
5.72008
5.27182
4.80185
4.32836
3.86353
3.41987
3.01125
2.64534
2.32135
2.03515
1.78265
1.55977
1.36327
1.191
1.04093
0.911274
0.800243
0.705023
0.622023
0.54841
0.482614
0.423653
0.370904
0.323945
0.282242
0.245239
0.212454
0.183429
0.157883
0.135705
0.116708
0.100533
0.0867885
0.0751326
0.0652652
0.0569464
0.0499961
0.0442598
0.0396052
0.0359033
0.0329838
0.0306365
0.0286574
0.0268527
0.0250072
0.0228683
0.020141
0.0166596
0.0124545
0.00760098
0.00251074
0.357594
1.08997
1.87187
2.72859
3.66795
4.66377
5.63811
6.46247
7.00971
7.23931
7.19764
6.94949
6.56148
6.09522
5.58852
5.06563
4.54514
4.03676
3.55325
3.1127
2.72417
2.38409
2.08562
1.82364
1.59295
1.38976
1.21207
1.05771
0.924936
0.812304
0.716605
0.63321
0.558763
0.491866
0.43166
0.377649
0.329589
0.286932
0.24907
0.215515
0.185739
0.15947
0.136733
0.117392
0.101018
0.0871475
0.0754162
0.0654973
0.0571416
0.0501808
0.044464
0.0398711
0.0362928
0.033551
0.0314046
0.0296362
0.0280548
0.0264274
0.0244616
0.0217835
0.0181578
0.0136013
0.00829826
0.00274831
0.362497
1.10874
1.91725
2.82356
3.84609
4.96383
6.08632
7.04352
7.65539
7.8751
7.78337
7.4644
6.99866
6.46288
5.89505
5.31753
4.74999
4.19719
3.67165
3.1986
2.78919
2.43519
2.12609
1.85616
1.61881
1.40964
1.22723
1.06913
0.933698
0.820222
0.725061
0.642011
0.567066
0.4993
0.438007
0.382838
0.333843
0.290401
0.251821
0.217643
0.187204
0.160238
0.136994
0.117415
0.100948
0.0870358
0.0753021
0.0653872
0.057032
0.0500931
0.0444205
0.0399099
0.0364874
0.0339662
0.0320563
0.030529
0.0292124
0.0278569
0.0261297
0.0235596
0.0197997
0.0148424
0.0090401
0.00300172
0.363003
1.11438
1.94135
2.89145
3.99769
5.24994
6.54772
7.66759
8.35054
8.54484
8.38859
7.986
7.43075
6.82099
6.19027
5.5566
4.94312
4.34535
3.77462
3.26827
2.84053
2.47526
2.15713
1.88089
1.63804
1.42343
1.23699
1.07563
0.937781
0.824218
0.730793
0.648862
0.573621
0.505158
0.442892
0.386604
0.336835
0.292777
0.253598
0.218955
0.187931
0.160247
0.136529
0.116829
0.100385
0.0865053
0.0748395
0.0649789
0.0566519
0.0497632
0.0441532
0.0397355
0.0364983
0.0342438
0.0326028
0.031338
0.0303249
0.0292957
0.0278814
0.0254968
0.0216134
0.0161857
0.0098204
0.00326662
0.358924
1.10612
1.94217
2.9282
4.11631
5.51541
7.02122
8.34352
9.10381
9.24885
9.01207
8.51257
7.85398
7.1674
6.47327
5.78173
5.12512
4.48227
3.86157
3.3208
2.87841
2.50516
2.17932
1.89858
1.65139
1.43158
1.24184
1.07765
0.937338
0.824439
0.734232
0.654237
0.578696
0.509668
0.44651
0.389049
0.338685
0.294184
0.254493
0.21957
0.188036
0.159551
0.135367
0.11569
0.0993894
0.0856043
0.0740762
0.0643162
0.0560327
0.0492207
0.0436856
0.0393587
0.0363339
0.0343996
0.0330562
0.0320628
0.0313896
0.0307402
0.0297212
0.0276276
0.0236325
0.0176349
0.0106255
0.00353445
0.350203
1.08354
1.91819
2.92997
4.19492
5.75173
7.50448
9.08295
9.92604
9.98538
9.6519
9.04261
8.26349
7.50009
6.74364
5.99138
5.29704
4.60968
3.93161
3.35487
2.90331
2.52599
2.19317
1.91002
1.6597
1.43445
1.24231
1.07567
0.932421
0.820937
0.735867
0.658674
0.582502
0.513036
0.449052
0.390235
0.339504
0.294753
0.254576
0.219612
0.187644
0.158183
0.133521
0.114049
0.0980282
0.0843757
0.0730591
0.063443
0.0552014
0.0484945
0.0430422
0.0387861
0.0359991
0.0344522
0.0334306
0.0326993
0.032402
0.0321821
0.031647
0.0299914
0.0258974
0.0191874
0.011432
0.00379182
0.336919
1.04663
1.8685
2.89345
4.226
5.94819
7.99305
9.90138
10.831
10.7493
10.3056
9.57531
8.65288
7.81734
7.0017
6.18324
5.46052
4.73025
3.98337
3.36863
2.91598
2.53926
2.19898
1.91605
1.66392
1.43225
1.23895
1.07029
0.922953
0.813631
0.736272
0.662792
0.585156
0.515453
0.450725
0.390167
0.339403
0.294621
0.253881
0.219212
0.186901
0.156158
0.130979
0.111966
0.0963746
0.0828532
0.071834
0.0624045
0.054178
0.0476139
0.0422492
0.0380192
0.0354942
0.0344243
0.0337434
0.0332384
0.033357
0.0336091
0.0336461
0.0326372
0.0284591
0.020831
0.0122061
0.00402071
0.319297
0.99583
1.79293
2.81603
4.20189
6.09152
8.47924
10.8195
11.8363
11.5299
10.9706
10.1115
9.01339
8.11813
7.24902
6.35363
5.61803
4.84796
4.0147
3.35947
2.91768
2.54698
2.19667
1.91763
1.66518
1.42489
1.23238
1.06224
0.908676
0.80226
0.736153
0.667333
0.586624
0.517101
0.451771
0.388765
0.338496
0.293951
0.25239
0.218516
0.185984
0.153462
0.127704
0.109506
0.0945126
0.0810565
0.070447
0.0612489
0.0529729
0.0466091
0.0413369
0.0370528
0.0348125
0.0343453
0.0340169
0.0336638
0.0342507
0.0350052
0.0356894
0.0356269
0.031383
0.0225401
0.0129022
0.00419955
0.29769
0.932011
1.6921
2.69618
4.11517
6.1657
8.95026
11.8649
12.9652
12.3086
11.6445
10.6545
9.33264
8.40261
7.489
6.49648
5.77314
4.96864
4.02224
3.32382
2.9104
2.55186
2.18553
1.91582
1.66489
1.41185
1.2233
1.05247
0.889093
0.786321
0.73641
0.673206
0.586639
0.518167
0.452496
0.385832
0.336922
0.292948
0.250004
0.217692
0.185116
0.150035
0.123624
0.106755
0.0925426
0.0789834
0.068946
0.0600308
0.0515818
0.0455131
0.0403421
0.0358727
0.0339388
0.0342534
0.0342805
0.0339477
0.0350836
0.0363522
0.0377235
0.0390403
0.0347544
0.0242695
0.0134644
0.00430536
0.272565
0.856443
1.56749
2.53364
3.95926
6.15183
9.38575
13.0745
14.2479
13.0542
12.3268
11.2124
9.59277
8.6729
7.72774
6.6021
5.93098
5.10056
4.00086
3.25686
2.89717
2.55749
2.16376
1.91198
1.66492
1.39197
1.21262
1.04231
0.863386
0.764997
0.738218
0.681547
0.584585
0.518883
0.453324
0.380991
0.334861
0.291881
0.246505
0.216945
0.184585
0.145763
0.118625
0.103823
0.0905876
0.0765981
0.0673844
0.0588153
0.0499791
0.0443639
0.0393121
0.0344531
0.0328455
0.0342002
0.0345731
0.0340451
0.0358648
0.0376333
0.0396588
0.042981
0.0386866
0.0259472
0.0138271
0.0043165
0.244475
0.770737
1.42137
2.32966
3.7291
6.02854
9.75419
14.4972
15.725
13.7181
13.0203
11.7994
9.76767
8.9342
7.97525
6.65515
6.09888
5.25528
3.94289
3.15228
2.88246
2.56864
2.128
1.90786
1.66772
1.36311
1.20148
1.03354
0.830313
0.73706
0.743133
0.693806
0.579337
0.519573
0.454848
0.373605
0.332572
0.291127
0.241497
0.216537
0.184768
0.140448
0.112546
0.100858
0.0888019
0.0738162
0.0658263
0.057684
0.0481083
0.0432078
0.0383088
0.0327537
0.0314888
0.0342544
0.0349474
0.0338859
0.0366176
0.0388379
0.0413545
0.047585
0.0433302
0.0274638
0.0139181
0.00421566
0.214031
0.676758
1.25673
2.08713
3.42203
5.77281
10.0082
16.1978
17.4504
14.2266
13.7341
12.4393
9.8192
9.19634
8.24698
6.63215
6.28734
5.44866
3.83708
3.00198
2.87271
2.59161
2.07254
1.9059
1.67667
1.32171
1.19148
1.02858
0.788076
0.700765
0.753213
0.711848
0.56905
0.52073
0.457918
0.362668
0.330436
0.291208
0.234331
0.216814
0.186164
0.133784
0.10517
0.0980619
0.0873813
0.070483
0.064354
0.0567433
0.0458695
0.0421043
0.0374148
0.0307155
0.0298034
0.034508
0.0354745
0.0333627
0.0373878
0.0399699
0.0425974
0.053031
0.0488852
0.0286591
0.0136611
0.00399226
0.181871
0.576524
1.07717
1.81062
3.03858
5.36169
10.0785
18.2606
19.4962
14.4714
14.4879
13.1685
9.692
9.47602
8.56577
6.49797
6.51133
5.70201
3.66732
2.79592
2.87687
2.63467
1.98839
1.9096
1.69639
1.26228
1.18483
1.03073
0.73416
0.653722
0.771168
0.73809
0.550877
0.523135
0.463736
0.346648
0.329024
0.292855
0.224007
0.21825
0.189428
0.125315
0.09622
0.0957082
0.0865757
0.0663465
0.0630799
0.0561345
0.0431021
0.0411327
0.0367391
0.0282562
0.0276967
0.0350822
0.0362503
0.0323159
0.0382528
0.0410589
0.0430749
0.0595549
0.0556141
0.0293034
0.0129805
0.00364372
0.148624
0.472107
0.886655
1.50624
2.58339
4.77506
9.86556
20.7949
21.9589
14.2981
15.3168
14.0404
9.30685
9.79973
8.96432
6.20148
6.79216
6.04344
3.41098
2.52193
2.90703
2.70857
1.86209
1.92405
1.73313
1.17665
1.1847
1.04433
0.665145
0.592755
0.800529
0.775664
0.520621
0.528011
0.473977
0.323297
0.329186
0.297082
0.209041
0.221496
0.195408
0.114389
0.0853545
0.094158
0.0867055
0.0610221
0.0621616
0.0560465
0.0395628
0.0404014
0.0364252
0.0252651
0.0250412
0.0361352
0.0374047
0.0305129
0.039334
0.0421762
0.0423408
0.0674665
0.0638587
0.0290732
0.0118067
0.00317524
0.114888
0.365525
0.689327
1.18134
2.06572
3.9998
9.23032
23.9405
24.9664
13.4907
16.2794
15.1298
8.55223
10.2076
9.48804
5.6701
7.15985
6.5093
3.03701
2.16576
2.97906
2.82719
1.67417
1.95661
1.79533
1.05304
1.19558
1.07501
0.576479
0.513756
0.845826
0.828632
0.4723
0.537232
0.490927
0.289401
0.332161
0.305267
0.187304
0.227458
0.205194
0.100101
0.0721699
0.0938807
0.0881804
0.0539496
0.0618224
0.056731
0.0348989
0.0400598
0.0366574
0.0215973
0.0216661
0.0378697
0.0391124
0.0276237
0.0408109
0.0434555
0.0397727
0.0771721
0.0740565
0.0275218
0.0100857
0.0025983
0.0812081
0.258659
0.489273
0.844133
1.49973
3.03562
7.98201
27.8739
28.6877
11.7544
17.4662
16.5388
7.27408
10.7584
10.1984
4.80318
7.65628
7.14565
2.50358
1.71133
3.11325
3.00835
1.39746
2.01778
1.89412
0.875039
1.22381
1.12993
0.462237
0.411533
0.912776
0.902231
0.397621
0.553586
0.517643
0.240478
0.339726
0.319261
0.155834
0.237387
0.220159
0.0812238
0.0562085
0.0954718
0.0915224
0.0443416
0.062377
0.0585191
0.0286152
0.0403137
0.037669
0.017068
0.0173487
0.0405411
0.0416067
0.0231897
0.0429365
0.0451195
0.0345209
0.0892007
0.0867607
0.0240408
0.00779423
0.00192887
0.0480578
0.153176
0.290303
0.503082
0.904074
1.90278
5.86435
32.8148
33.3436
8.69401
19.0118
18.4016
5.26369
11.5352
11.1768
3.46428
8.33907
8.00968
1.7555
1.14114
3.33477
3.27474
0.994919
2.12231
2.04398
0.620269
1.27818
1.21794
0.314856
0.279667
1.00846
1.00318
0.285377
0.581105
0.558116
0.170428
0.354372
0.341489
0.110598
0.252997
0.242
0.0561314
0.0369733
0.099668
0.0973938
0.031123
0.0642631
0.0618413
0.020035
0.0414447
0.0397476
0.0114463
0.0118043
0.0444649
0.0451972
0.0165879
0.0460556
0.0475133
0.0254477
0.104236
0.102659
0.0178173
0.00496466
0.00118693
0.0158323
0.0504823
0.0957631
0.166308
0.300683
0.652004
2.53968
39.0336
39.2195
3.79071
21.1077
20.8914
2.24396
12.653
12.5283
1.47235
9.28632
9.17098
0.721313
0.437167
3.67407
3.65502
0.417373
2.29047
2.26339
0.258964
1.37081
1.34977
0.12486
0.110381
1.14148
1.14001
0.120747
0.625453
0.61745
0.0711268
0.379514
0.375078
0.0462379
0.276603
0.272778
0.0227124
0.0139527
0.107357
0.106629
0.0128629
0.0680793
0.0672466
0.00825655
0.0438339
0.0432407
0.0044506
0.00467652
0.0500233
0.0502906
0.00698968
0.0506221
0.0511427
0.0110586
0.123152
0.122596
0.00778304
0.00172279
0.000399522
)
;

boundaryField
{
    left
    {
        type            calculated;
        value           uniform 0;
    }
    right
    {
        type            calculated;
        value           uniform 0;
    }
    interface
    {
        type            calculated;
        value           nonuniform List<scalar> 
64
(
0.0158323
0.0504823
0.0957631
0.166308
0.300683
0.652004
2.53968
39.0336
39.2195
3.79071
21.1077
20.8914
2.24396
12.653
12.5283
1.47235
9.28632
9.17098
0.721313
0.437167
3.67407
3.65502
0.417373
2.29047
2.26339
0.258964
1.37081
1.34977
0.12486
0.110381
1.14148
1.14001
0.120747
0.625453
0.61745
0.0711268
0.379514
0.375078
0.0462379
0.276603
0.272778
0.0227124
0.0139527
0.107357
0.106629
0.0128629
0.0680793
0.0672466
0.00825655
0.0438339
0.0432407
0.0044506
0.00467652
0.0500233
0.0502906
0.00698968
0.0506221
0.0511427
0.0110586
0.123152
0.122596
0.00778304
0.00172279
0.000399522
)
;
    }
    bottom
    {
        type            calculated;
        value           nonuniform List<scalar> 
64
(
0.0148495
0.0443314
0.0731583
0.100848
0.126869
0.15066
0.171655
0.189336
0.203292
0.213268
0.219191
0.221181
0.219526
0.21465
0.207064
0.197323
0.185985
0.173577
0.160574
0.147387
0.134352
0.12173
0.109715
0.0984394
0.0879811
0.0783769
0.0696306
0.0617211
0.0546097
0.0482457
0.0425714
0.0375255
0.033047
0.0290769
0.0255601
0.0224464
0.0196909
0.0172536
0.0150997
0.0131981
0.0115219
0.0100471
0.00875263
0.00761933
0.00663003
0.00576905
0.00502204
0.00437579
0.00381812
0.00333775
0.00292423
0.0025678
0.00225932
0.00199024
0.00175254
0.00153883
0.00134241
0.00115742
0.000978988
0.000803323
0.000627708
0.000450494
0.000271209
9.05344e-05
)
;
    }
    defaultFaces
    {
        type            empty;
    }
}


// ************************************************************************* //
