/*--------------------------------*- C++ -*----------------------------------*\
| =========                 |                                                 |
| \\      /  F ield         | OpenFOAM: The Open Source CFD Toolbox           |
|  \\    /   O peration     | Version:  5.x                                   |
|   \\  /    A nd           | Web:      www.OpenFOAM.org                      |
|    \\/     M anipulation  |                                                 |
\*---------------------------------------------------------------------------*/
FoamFile
{
    version     2.0;
    format      ascii;
    class       volScalarField;
    location    "4.3";
    object      T;
}
// * * * * * * * * * * * * * * * * * * * * * * * * * * * * * * * * * * * * * //

dimensions      [0 0 0 1 0 0 0];

internalField   nonuniform List<scalar> 
2048
(
9.85274
9.85342
9.85476
9.85674
9.85936
9.86256
9.8663
9.87051
9.87514
9.8801
9.8853
9.89067
9.89611
9.90155
9.90691
9.91215
9.9172
9.92203
9.92661
9.93091
9.93494
9.93868
9.94214
9.94533
9.94827
9.95095
9.95341
9.95565
9.9577
9.95957
9.96127
9.96282
9.96423
9.96551
9.96668
9.96775
9.96872
9.9696
9.97039
9.97111
9.97176
9.97235
9.97288
9.97336
9.97379
9.97418
9.97452
9.97483
9.97511
9.97536
9.97559
9.97579
9.97597
9.97613
9.97627
9.9764
9.97651
9.9766
9.97669
9.97675
9.97681
9.97685
9.97688
9.97689
9.56412
9.56611
9.57009
9.57598
9.58374
9.59323
9.60434
9.61687
9.63061
9.64534
9.66079
9.67672
9.69287
9.70901
9.72493
9.74044
9.75541
9.7697
9.78325
9.79599
9.80789
9.81895
9.82919
9.83861
9.84727
9.85519
9.86244
9.86906
9.8751
9.8806
9.88562
9.89019
9.89436
9.89815
9.9016
9.90474
9.90759
9.91018
9.91253
9.91466
9.91658
9.91832
9.91988
9.92129
9.92255
9.92369
9.92471
9.92563
9.92645
9.92719
9.92785
9.92844
9.92897
9.92944
9.92987
9.93024
9.93057
9.93085
9.93109
9.93129
9.93145
9.93157
9.93165
9.93169
9.28661
9.28988
9.29641
9.3061
9.31885
9.33448
9.35276
9.37339
9.39603
9.42029
9.44574
9.47196
9.49853
9.52506
9.5512
9.57666
9.6012
9.62461
9.64678
9.6676
9.68705
9.7051
9.72178
9.73714
9.75123
9.76414
9.77594
9.7867
9.79652
9.80547
9.81362
9.82105
9.82782
9.83399
9.8396
9.84471
9.84935
9.85356
9.85738
9.86084
9.86396
9.86678
9.86932
9.8716
9.87366
9.8755
9.87716
9.87865
9.87998
9.88118
9.88225
9.88321
9.88408
9.88485
9.88553
9.88614
9.88667
9.88713
9.88753
9.88785
9.88811
9.88831
9.88844
9.8885
9.01896
9.02349
9.03251
9.04591
9.06356
9.08521
9.11055
9.13918
9.1706
9.20426
9.23957
9.27592
9.31272
9.34942
9.38555
9.42069
9.4545
9.48674
9.5172
9.54579
9.57245
9.59717
9.61999
9.64098
9.66023
9.67784
9.69393
9.7086
9.72198
9.73417
9.74528
9.7554
9.76462
9.77302
9.78067
9.78763
9.79395
9.79969
9.80489
9.8096
9.81385
9.81769
9.82115
9.82426
9.82705
9.82956
9.83181
9.83383
9.83565
9.83727
9.83873
9.84004
9.84121
9.84226
9.8432
9.84402
9.84475
9.84538
9.84592
9.84636
9.84672
9.84699
9.84716
9.84725
8.76016
8.76591
8.77737
8.79442
8.8169
8.84451
8.87686
8.91344
8.95361
8.99665
9.04176
9.08817
9.13509
9.18184
9.22777
9.27238
9.31523
9.35601
9.39449
9.43054
9.46409
9.49517
9.52382
9.55014
9.57425
9.59629
9.6164
9.63475
9.65146
9.66668
9.68056
9.6932
9.70471
9.7152
9.72476
9.73345
9.74135
9.74852
9.75502
9.7609
9.76621
9.771
9.77531
9.77919
9.78267
9.7858
9.7886
9.79112
9.79337
9.7954
9.79722
9.79885
9.80031
9.80162
9.80279
9.80382
9.80473
9.80552
9.80619
9.80675
9.8072
9.80754
9.80776
9.80787
8.50936
8.51631
8.53016
8.5508
8.57805
8.61159
8.65096
8.69551
8.74446
8.79691
8.85186
8.90833
8.96535
9.02205
9.07767
9.13158
9.18326
9.23234
9.27855
9.32176
9.36192
9.39903
9.4332
9.46455
9.49323
9.51942
9.5433
9.56507
9.58489
9.60294
9.61938
9.63437
9.64802
9.66047
9.6718
9.68211
9.69148
9.69999
9.70769
9.71467
9.72096
9.72664
9.73174
9.73633
9.74045
9.74414
9.74746
9.75043
9.7531
9.75549
9.75764
9.75957
9.7613
9.76285
9.76423
9.76546
9.76654
9.76748
9.76828
9.76895
9.76948
9.76988
9.77015
9.77028
8.26585
8.27397
8.29016
8.31435
8.34633
8.38579
8.43218
8.48478
8.54262
8.60458
8.66947
8.73606
8.8032
8.86983
8.93505
8.99811
9.05844
9.11559
9.16928
9.21937
9.26582
9.30867
9.34805
9.38412
9.41708
9.44714
9.47453
9.49947
9.52217
9.54284
9.56167
9.57882
9.59446
9.60872
9.6217
9.63352
9.64426
9.654
9.66284
9.67082
9.67803
9.68452
9.69036
9.6956
9.7003
9.70452
9.7083
9.71169
9.71473
9.71746
9.71991
9.72212
9.7241
9.72587
9.72745
9.72886
9.7301
9.73119
9.73211
9.73288
9.7335
9.73396
9.73427
9.73442
8.02907
8.03832
8.0568
8.08446
8.12114
8.1665
8.21999
8.28073
8.3476
8.41926
8.49424
8.57107
8.64839
8.72495
8.79971
8.87181
8.94061
9.00562
9.06654
9.12323
9.17567
9.22394
9.26822
9.30872
9.34567
9.37933
9.40996
9.43783
9.46319
9.48627
9.50729
9.52645
9.54393
9.55985
9.57437
9.58758
9.59959
9.61049
9.62036
9.62928
9.63733
9.64457
9.65108
9.65692
9.66216
9.66685
9.67105
9.67482
9.67821
9.68124
9.68397
9.68642
9.68863
9.69061
9.69238
9.69396
9.69535
9.69657
9.69761
9.69847
9.69917
9.69969
9.70004
9.70021
7.79856
7.80889
7.82959
7.86064
7.90195
7.95322
8.01386
8.0829
8.15901
8.24057
8.32585
8.41309
8.50068
8.5872
8.67146
8.75251
8.82962
8.90228
8.97018
9.03318
9.09131
9.1447
9.19357
9.23819
9.27884
9.31582
9.34945
9.38001
9.4078
9.43308
9.45612
9.47713
9.49629
9.51376
9.52969
9.54419
9.55738
9.56934
9.58017
9.58996
9.59878
9.60671
9.61383
9.62021
9.62593
9.63105
9.63564
9.63975
9.64344
9.64675
9.64973
9.65241
9.65482
9.65699
9.65893
9.66067
9.6622
9.66355
9.6647
9.66566
9.66643
9.66701
9.66739
9.66759
7.57395
7.58532
7.60813
7.64247
7.68833
7.74549
7.81336
7.89086
7.97645
8.06821
8.16404
8.26189
8.35988
8.4564
8.55013
8.64002
8.72529
8.80539
8.88001
8.94904
9.01256
9.07075
9.12391
9.17236
9.21642
9.25646
9.29282
9.32584
9.35585
9.38315
9.40802
9.43072
9.45143
9.47032
9.48756
9.50325
9.51751
9.53045
9.54217
9.55275
9.56228
9.57084
9.57852
9.58539
9.59154
9.59705
9.60198
9.60639
9.61036
9.61392
9.61712
9.62
9.6226
9.62494
9.62705
9.62893
9.6306
9.63206
9.63331
9.63436
9.63521
9.63584
9.63626
9.63648
7.35496
7.36729
7.3921
7.42957
7.47987
7.54288
7.61806
7.70424
7.79961
7.90188
8.00856
8.11724
8.22578
8.33236
8.43553
8.53417
8.62743
8.71477
8.79586
8.87063
8.93922
9.00191
9.05905
9.11103
9.15824
9.20107
9.23992
9.27517
9.30718
9.3363
9.36285
9.38708
9.4092
9.42941
9.44784
9.46463
9.47989
9.49373
9.50626
9.51757
9.52774
9.53688
9.54505
9.55237
9.5589
9.56475
9.56998
9.57467
9.57888
9.58266
9.58607
9.58913
9.5919
9.5944
9.59665
9.59867
9.60046
9.60203
9.60339
9.60453
9.60544
9.60613
9.60659
9.60682
7.14138
7.15459
7.18123
7.22166
7.27623
7.34502
7.42759
7.52267
7.62817
7.74133
7.8592
7.97898
8.09821
8.2149
8.32748
8.43476
8.53587
8.63023
8.71753
8.79775
8.8711
8.93797
8.99878
9.054
9.10408
9.14946
9.19056
9.22781
9.26163
9.29239
9.32044
9.34606
9.36949
9.3909
9.41043
9.42823
9.4444
9.45908
9.47235
9.48432
9.49508
9.50473
9.51336
9.52106
9.52794
9.53409
9.53959
9.54452
9.54894
9.55291
9.55649
9.55972
9.56264
9.56528
9.56767
9.56981
9.57172
9.57341
9.57486
9.57608
9.57706
9.5778
9.57829
9.57854
6.93305
6.94703
6.97532
7.01847
7.0771
7.15156
7.24158
7.34583
7.46186
7.58635
7.71579
7.84694
7.97702
8.10386
8.22581
8.34162
8.45041
8.55158
8.64482
8.73018
8.80797
8.8787
8.94289
9.00107
9.05375
9.10143
9.14456
9.1836
9.21902
9.25124
9.28064
9.30753
9.33215
9.35465
9.3752
9.39393
9.41094
9.42637
9.44033
9.45291
9.46421
9.47432
9.48334
9.49139
9.49856
9.50497
9.51071
9.51584
9.52045
9.5246
9.52833
9.5317
9.53476
9.53753
9.54004
9.5423
9.54433
9.54611
9.54766
9.54896
9.55001
9.5508
9.55133
9.55159
6.72989
6.74451
6.77422
6.81979
6.8822
6.96216
7.05967
7.1734
7.30044
7.43676
7.57818
7.72097
7.86204
7.99906
8.13031
8.25454
8.37084
8.47861
8.57753
8.66771
8.74961
8.82387
8.89114
8.95201
9.00706
9.05679
9.10172
9.14236
9.17919
9.21269
9.2433
9.27134
9.29704
9.32056
9.34204
9.36162
9.3794
9.39553
9.41011
9.42324
9.43503
9.44555
9.45493
9.46327
9.4707
9.47734
9.48327
9.48858
9.49335
9.49765
9.50151
9.50501
9.50818
9.51107
9.5137
9.51608
9.51821
9.52009
9.52173
9.52311
9.52422
9.52506
9.52562
9.52591
6.53183
6.54696
6.5778
6.62545
6.69128
6.77651
6.88154
7.00507
7.14367
7.29238
7.44623
7.60097
7.75314
7.90033
8.04082
8.17333
8.29697
8.41113
8.51545
8.61012
8.69578
8.77327
8.84331
8.90661
8.96378
9.01536
9.06189
9.10391
9.14197
9.17659
9.20827
9.23735
9.26404
9.28849
9.31084
9.33119
9.34968
9.36645
9.3816
9.39523
9.40746
9.41835
9.42803
9.43662
9.44427
9.4511
9.4572
9.46267
9.46758
9.47199
9.47598
9.47958
9.48286
9.48585
9.48858
9.49107
9.4933
9.49529
9.49701
9.49847
9.49964
9.50053
9.50113
9.50142
6.33886
6.35432
6.38601
6.43532
6.50413
6.59431
6.70682
6.84054
6.99138
7.15312
7.31985
7.48681
7.6502
7.80751
7.95713
8.09777
8.22857
8.34893
8.45838
8.55718
8.64625
8.72663
8.79919
8.86466
8.92372
8.97693
9.02486
9.06809
9.1072
9.14278
9.17539
9.20541
9.23302
9.25834
9.28147
9.30254
9.32168
9.33903
9.35469
9.36879
9.38142
9.39264
9.40257
9.41138
9.41921
9.42619
9.43243
9.43803
9.44305
9.44757
9.45165
9.45535
9.45872
9.4618
9.46464
9.46722
9.46956
9.47163
9.47344
9.47498
9.47622
9.47715
9.47778
9.47809
6.15098
6.16661
6.19879
6.24928
6.32055
6.41524
6.53516
6.6795
6.84339
7.01886
7.19896
7.37843
7.55307
7.72041
7.87905
8.02764
8.16543
8.29181
8.40611
8.50866
8.60076
8.68374
8.75852
8.82593
8.88669
8.94134
8.99048
9.03474
9.07472
9.11109
9.14452
9.17541
9.20387
9.22998
9.25385
9.27557
9.2953
9.31317
9.32932
9.34384
9.35683
9.36834
9.37848
9.38746
9.39543
9.40253
9.40889
9.41459
9.41972
9.42432
9.42849
9.43226
9.4357
9.43887
9.4418
9.44448
9.44692
9.44908
9.45098
9.45259
9.45389
9.45488
9.45553
9.45586
5.96823
5.98384
6.01615
6.06728
6.14036
6.23903
6.36618
6.52164
6.69959
6.88956
7.08347
7.27575
7.46163
7.63886
7.80638
7.96273
8.10731
8.23959
8.35845
8.46434
8.55907
8.64436
8.7211
8.79022
8.8525
8.9084
8.95857
9.0037
9.04438
9.08137
9.1155
9.1472
9.17646
9.20331
9.22787
9.25019
9.27044
9.28881
9.30538
9.32029
9.33361
9.34537
9.35569
9.36479
9.37287
9.38007
9.38652
9.39231
9.39751
9.40219
9.40642
9.41025
9.41375
9.417
9.42002
9.4228
9.42532
9.42758
9.42956
9.43124
9.43261
9.43365
9.43433
9.43467
5.79065
5.80605
5.83808
5.88927
5.96344
6.06536
6.19947
6.36662
6.55991
6.76521
6.97333
7.17873
7.37576
7.56262
7.73891
7.90278
8.05396
8.19208
8.31523
8.42398
8.52092
8.60824
8.6867
8.7573
8.82096
8.87795
8.92897
8.97483
9.01604
9.05348
9.0882
9.12068
9.15069
9.17823
9.20343
9.2263
9.24702
9.26583
9.2828
9.29806
9.3117
9.32368
9.33412
9.3433
9.35146
9.35874
9.36525
9.37112
9.37638
9.38111
9.38539
9.38927
9.39282
9.39613
9.39924
9.40212
9.40473
9.40708
9.40914
9.4109
9.41233
9.41341
9.41412
9.41448
5.61829
5.63328
5.66464
5.71525
5.78965
5.89398
6.03459
6.21407
6.42434
6.64584
6.86847
7.08733
7.29532
7.49147
7.67645
7.84755
8.00511
8.14913
8.27628
8.38735
8.48604
8.57517
8.65511
8.72698
8.7919
8.84982
8.90153
8.948
8.98956
9.02727
9.06247
9.09573
9.12646
9.15463
9.18046
9.20381
9.22495
9.24418
9.26149
9.27707
9.29104
9.30321
9.31371
9.32293
9.33115
9.33847
9.34503
9.35096
9.35627
9.36104
9.36537
9.36927
9.37284
9.37622
9.37942
9.38239
9.38509
9.38753
9.38967
9.3915
9.39301
9.39414
9.39487
9.39523
5.45121
5.4656
5.49588
5.54523
5.61895
5.72461
5.87104
6.06353
6.29301
6.53152
6.76876
7.00158
7.2202
7.42513
7.61881
7.79679
7.96045
8.1106
8.24148
8.35419
8.45412
8.54495
8.62613
8.69905
8.76518
8.82387
8.87609
8.92309
8.96483
9.00259
9.03817
9.07226
9.10368
9.13243
9.15888
9.18265
9.20413
9.22377
9.24139
9.25726
9.27155
9.28388
9.2944
9.3036
9.31186
9.31921
9.3258
9.33178
9.33712
9.34192
9.34628
9.3502
9.35378
9.35721
9.36051
9.36357
9.36636
9.36889
9.37111
9.37301
9.37459
9.37577
9.37652
9.37689
5.28944
5.30305
5.33186
5.37929
5.4513
5.557
5.70829
5.91446
6.16618
6.42237
6.67402
6.92154
7.15025
7.36325
7.56588
7.75024
7.91962
8.07644
8.2107
8.32426
8.42487
8.51739
8.59956
8.67328
8.74067
8.79994
8.85248
8.90001
8.94175
8.97929
9.01514
9.05019
9.08228
9.11153
9.13861
9.16274
9.18449
9.20453
9.22241
9.23854
9.2532
9.26566
9.27611
9.28526
9.29356
9.3009
9.30749
9.31354
9.3189
9.3237
9.3281
9.33202
9.33559
9.33905
9.34247
9.34561
9.34848
9.35112
9.35341
9.35538
9.35704
9.35827
9.35904
9.35941
5.13303
5.1457
5.17266
5.2175
5.28672
5.39097
5.54571
5.76616
6.04434
6.31858
6.58395
6.84739
7.08535
7.30539
7.51757
7.70762
7.88216
8.04662
8.1839
8.29727
8.39792
8.49234
8.57523
8.64943
8.71826
8.77792
8.83055
8.87867
8.9202
8.95723
8.99323
9.02947
9.06217
9.09182
9.11961
9.14401
9.16592
9.18642
9.20449
9.22082
9.23593
9.24849
9.2588
9.26783
9.27618
9.28349
9.29007
9.29618
9.30155
9.30634
9.31079
9.31468
9.3182
9.3217
9.32526
9.32849
9.33142
9.33417
9.33653
9.33856
9.34032
9.34159
9.34237
9.34274
4.98199
4.99358
5.01835
5.05997
5.12529
5.22636
5.38264
5.61767
5.92827
6.22035
6.49804
6.77943
7.02537
7.25097
7.47393
7.66866
7.8475
8.02125
8.16104
8.27294
8.37288
8.46972
8.55297
8.62726
8.69789
8.75769
8.8101
8.85903
8.90012
8.93626
8.97225
9.01007
9.0433
9.0732
9.10184
9.12638
9.14834
9.16938
9.18757
9.20403
9.21972
9.23234
9.2424
9.25126
9.25968
9.26694
9.27346
9.27968
9.28502
9.28978
9.2943
9.29814
9.30159
9.3051
9.30884
9.31215
9.31514
9.31802
9.32043
9.32251
9.32439
9.32571
9.32649
9.32685
4.83633
4.84671
4.86902
4.90682
4.96715
5.06311
5.21838
5.46768
5.81925
6.12794
6.4155
6.71819
6.97016
7.19921
7.43519
7.63308
7.81491
8.00058
8.14213
8.25095
8.34926
8.44954
8.53263
8.60645
8.67956
8.73912
8.79092
8.84108
8.88146
8.91622
8.952
8.992
9.02561
9.05552
9.08529
9.10981
9.13163
9.1534
9.17157
9.18805
9.20455
9.21717
9.22685
9.23545
9.24403
9.25119
9.25761
9.264
9.26929
9.27398
9.2786
9.28238
9.28571
9.28921
9.2932
9.29656
9.29959
9.30262
9.30507
9.3072
9.30923
9.31059
9.31136
9.3117
4.69605
4.70512
4.72471
4.7582
4.81247
4.90126
5.05221
5.31437
5.71914
6.04161
6.33511
6.66454
6.91959
7.14905
7.40183
7.60062
7.78337
7.98509
8.12721
8.23093
8.3265
8.4319
8.51408
8.58662
8.66335
8.72212
8.77274
8.82486
8.86415
8.89697
8.93223
8.97535
9.00906
9.03864
9.06997
9.09422
9.11566
9.13847
9.15644
9.17278
9.19043
9.20295
9.21209
9.22035
9.22921
9.23621
9.24247
9.24912
9.25431
9.25888
9.26369
9.26736
9.2705
9.27397
9.2783
9.2817
9.28472
9.28796
9.29043
9.29257
9.2948
9.29619
9.29693
9.29725
4.56109
4.5688
4.58549
4.61424
4.66151
4.741
4.88349
5.15515
5.63069
5.96162
6.25507
6.6198
6.87349
7.09903
7.3747
7.57099
7.75153
7.97555
8.11635
8.21251
8.30386
8.41709
8.4972
8.56729
8.64943
8.70659
8.75522
8.81049
8.84818
8.87834
8.91264
8.96026
8.99361
9.02235
9.05595
9.07957
9.10027
9.12462
9.14212
9.15806
9.17738
9.18965
9.19806
9.20586
9.21521
9.22195
9.22796
9.23502
9.24004
9.24443
9.24952
9.25305
9.25594
9.25933
9.26414
9.26752
9.27048
9.27402
9.27646
9.27857
9.28107
9.28248
9.28317
9.28347
4.43142
4.43771
4.45138
4.47508
4.51454
4.58266
4.71169
4.98642
5.5578
5.88817
6.17276
6.58601
6.83168
7.04714
7.35518
7.54394
7.71757
7.97315
8.10957
8.19529
8.28044
8.40561
8.48187
8.54784
8.63815
8.69243
8.73794
8.79818
8.83352
8.8602
8.89283
8.94699
8.97921
9.00637
9.04335
9.06581
9.08526
9.11194
9.12855
9.14372
9.16548
9.17726
9.1847
9.19188
9.20204
9.20839
9.214
9.22171
9.22645
9.23056
9.23611
9.23941
9.24198
9.24522
9.25073
9.25401
9.25683
9.26078
9.26313
9.26516
9.26805
9.26944
9.27006
9.27031
4.30695
4.31181
4.3224
4.34085
4.37189
4.42674
4.53664
4.80313
5.50591
5.82131
6.08454
6.56608
6.79394
6.99068
7.34533
7.51919
7.67904
7.97968
8.10684
8.17887
8.25509
8.39824
8.46798
8.52744
8.63003
8.67954
8.72033
8.78825
8.82015
8.84242
8.8723
8.93592
8.96581
8.99038
9.03239
9.05287
9.07038
9.10057
9.11569
9.12952
9.15484
9.16573
9.17194
9.1783
9.18973
9.19547
9.20051
9.2092
9.2135
9.21719
9.22346
9.22644
9.22858
9.23157
9.23806
9.24112
9.24369
9.24824
9.25041
9.25228
9.2557
9.25702
9.25755
9.25776
4.18759
4.19103
4.19852
4.21163
4.23386
4.27392
4.35866
4.59836
5.48248
5.76091
5.98542
6.56418
6.75995
6.92601
7.34814
7.49648
7.63268
7.99765
8.10796
8.16288
8.22633
8.39617
8.45539
8.50502
8.62586
8.6678
8.70165
8.78119
8.80801
8.82491
8.85039
8.92763
8.95336
8.97391
9.02336
9.0407
9.05529
9.09071
9.10349
9.11517
9.14565
9.15502
9.15974
9.16497
9.17834
9.18317
9.18736
9.19755
9.20117
9.20423
9.21158
9.21409
9.21571
9.21827
9.22619
9.22883
9.231
9.23641
9.23827
9.23987
9.24404
9.24521
9.24562
9.24577
4.07325
4.07528
4.07972
4.0875
4.10077
4.12502
4.17888
4.36271
5.49753
5.70648
5.86873
6.58604
6.72929
6.84834
7.36776
7.4755
7.57421
8.03057
8.11246
8.14707
8.19225
8.40103
8.44395
8.47918
8.62675
8.65709
8.68098
8.7777
8.79703
8.80763
8.82625
8.92288
8.94179
8.95638
9.01671
9.02924
9.03958
9.08269
9.09189
9.10029
9.13816
9.14508
9.14804
9.15172
9.16798
9.17145
9.17442
9.18681
9.18942
9.19158
9.20053
9.20233
9.20336
9.20524
9.21517
9.21711
9.21866
9.22533
9.22668
9.22784
9.23308
9.23397
9.23422
9.23431
3.96379
3.96446
3.96592
3.96849
3.97288
3.98097
3.99962
4.08361
5.56426
5.65707
5.72577
6.6394
6.70134
6.75143
7.40979
7.45596
7.49808
8.08323
8.11943
8.13135
8.15042
8.41505
8.43345
8.44812
8.63423
8.64721
8.65709
8.77874
8.78702
8.79066
8.79875
8.92274
8.93096
8.93703
9.01306
9.01841
9.02271
9.07693
9.08084
9.0844
9.13275
9.13579
9.13681
9.13835
9.15881
9.16028
9.16151
9.1771
9.17821
9.1791
9.19037
9.19114
9.1915
9.19232
9.20509
9.20593
9.20658
9.21503
9.21561
9.2161
9.22285
9.22325
9.22334
9.22337
)
;

boundaryField
{
    left
    {
        type            zeroGradient;
    }
    right
    {
        type            zeroGradient;
    }
    interface
    {
        type            fixedValue;
        value           nonuniform List<scalar> 
64
(
3.91027
3.91027
3.91027
3.91027
3.91027
3.91027
3.91027
3.91027
5.63356
5.63356
5.63356
6.68799
6.68799
6.68799
7.44652
7.44652
7.44652
8.12348
8.12348
8.12348
8.12348
8.42841
8.42841
8.42841
8.64246
8.64246
8.64246
8.78225
8.78225
8.78225
8.78225
8.92573
8.92573
8.92573
9.01315
9.01315
9.01315
9.07545
9.07545
9.07545
9.13131
9.13131
9.13131
9.13131
9.15483
9.15483
9.15483
9.17273
9.17273
9.17273
9.18569
9.18569
9.18569
9.18569
9.20047
9.20047
9.20047
9.21021
9.21021
9.21021
9.21802
9.21802
9.21802
9.21802
)
;
    }
    bottom
    {
        type            fixedValue;
        value           uniform 10;
    }
    defaultFaces
    {
        type            empty;
    }
}


// ************************************************************************* //
