/*--------------------------------*- C++ -*----------------------------------*\
| =========                 |                                                 |
| \\      /  F ield         | OpenFOAM: The Open Source CFD Toolbox           |
|  \\    /   O peration     | Version:  5.x                                   |
|   \\  /    A nd           | Web:      www.OpenFOAM.org                      |
|    \\/     M anipulation  |                                                 |
\*---------------------------------------------------------------------------*/
FoamFile
{
    version     2.0;
    format      ascii;
    class       volScalarField;
    location    "10.1";
    object      gradTx;
}
// * * * * * * * * * * * * * * * * * * * * * * * * * * * * * * * * * * * * * //

dimensions      [0 -1 0 1 0 0 0];

internalField   nonuniform List<scalar> 
2048
(
0.0222124
0.0663903
0.109805
0.151879
0.191955
0.229304
0.263166
0.292811
0.317616
0.337131
0.351126
0.359607
0.362804
0.361136
0.355166
0.345544
0.332965
0.318126
0.301692
0.28427
0.26639
0.248498
0.230949
0.214012
0.197879
0.182675
0.168466
0.155273
0.143079
0.131837
0.12148
0.111928
0.103096
0.0949034
0.0872747
0.0801458
0.073464
0.0671884
0.0612888
0.0557439
0.0505397
0.0456673
0.0411207
0.0368944
0.0329826
0.0293775
0.0260691
0.0230451
0.0202915
0.0177929
0.0155332
0.0134956
0.011663
0.0100187
0.00854568
0.00722755
0.00604805
0.00499115
0.00404096
0.00318157
0.00239689
0.00167054
0.000985857
0.000325915
0.0658698
0.196898
0.325722
0.450648
0.569726
0.680768
0.781475
0.86963
0.943333
1.00122
1.04258
1.06746
1.07657
1.07117
1.05298
1.02396
0.986203
0.941785
0.892699
0.840755
0.787531
0.734344
0.682241
0.632012
0.584216
0.539211
0.497189
0.458202
0.422192
0.389014
0.358461
0.330292
0.304251
0.280093
0.257594
0.236563
0.216844
0.198316
0.180893
0.164512
0.149135
0.134736
0.121299
0.10881
0.0972523
0.0866029
0.0768323
0.0679041
0.0597764
0.0524035
0.0457371
0.0397272
0.0343238
0.0294764
0.0251355
0.0212522
0.0177785
0.0146671
0.0118713
0.00934394
0.00703771
0.00490412
0.00289366
0.000956482
0.108156
0.323367
0.535143
0.740775
0.937053
1.12031
1.28661
1.43215
1.55365
1.64875
1.71627
1.7563
1.77008
1.75984
1.72848
1.67933
1.61591
1.5417
1.46002
1.37387
1.28585
1.19812
1.11238
1.02989
0.951546
0.8779
0.809241
0.745633
0.686957
0.632958
0.583276
0.537497
0.495187
0.45593
0.419356
0.385147
0.353052
0.322876
0.294479
0.267766
0.242679
0.219183
0.197255
0.176878
0.158025
0.140662
0.124739
0.110197
0.0969648
0.0849673
0.0741244
0.0643541
0.0555738
0.0477011
0.0406546
0.0343545
0.0287226
0.0236819
0.0191565
0.01507
0.0113453
0.00790315
0.00466171
0.00154037
0.149352
0.446681
0.739656
1.02468
1.29733
1.55234
1.78402
1.9867
2.15554
2.28704
2.37951
2.43315
2.44988
2.43299
2.38673
2.3159
2.22553
2.12055
2.00563
1.88496
1.76218
1.64024
1.52145
1.40751
1.29956
1.19833
1.10415
1.01708
0.93691
0.863247
0.795561
0.733241
0.67566
0.622224
0.572408
0.525774
0.481977
0.440758
0.401933
0.365382
0.331034
0.298853
0.268819
0.240915
0.215112
0.191363
0.169599
0.149735
0.131675
0.11531
0.10053
0.0872209
0.0752682
0.0645586
0.05498
0.0464228
0.0387801
0.0319471
0.0258203
0.020296
0.0152691
0.0106313
0.00626811
0.00207016
0.189618
0.567356
0.940253
1.30401
1.65299
1.98025
2.278
2.53841
2.75472
2.9221
3.03831
3.10376
3.12122
3.09528
3.03173
2.93701
2.81772
2.68037
2.531
2.37505
2.21715
2.06104
1.90958
1.76481
1.62811
1.50028
1.38168
1.27229
1.17182
1.07969
0.995168
0.917428
0.845621
0.778957
0.716755
0.658458
0.603636
0.551973
0.503253
0.457337
0.414156
0.373682
0.335908
0.300826
0.268406
0.238592
0.211296
0.186407
0.163796
0.143326
0.124853
0.108232
0.0933172
0.0799654
0.0680346
0.0573865
0.047887
0.0394054
0.0318127
0.0249797
0.0187752
0.0130636
0.00769773
0.00254087
0.228988
0.685553
1.13736
1.57966
2.00566
2.40652
2.77197
3.09151
3.35599
3.55898
3.69765
3.77279
3.7883
3.75036
3.66656
3.54515
3.39448
3.22265
3.0372
2.84483
2.65118
2.46074
2.27685
2.10183
1.93716
1.78369
1.64173
1.5112
1.39162
1.28226
1.18213
1.09013
1.00518
0.926257
0.852532
0.783331
0.718149
0.656626
0.59852
0.543692
0.492081
0.44368
0.39851
0.356579
0.317866
0.282303
0.249781
0.22016
0.193278
0.168964
0.147043
0.127339
0.109675
0.0938788
0.0797783
0.0672082
0.0560086
0.0460249
0.0371049
0.0290962
0.0218431
0.0151848
0.0089411
0.00294925
0.267384
0.801094
1.33089
1.85188
2.3562
2.83288
3.26862
3.64954
3.96347
4.20203
4.36176
4.44409
4.45447
4.40105
4.29353
4.14217
3.9572
3.74842
3.52493
3.29474
3.06454
2.83951
2.62337
2.41862
2.22677
2.04861
1.88438
1.73385
1.59642
1.47109
1.35661
1.25156
1.15456
1.06437
0.979981
0.900619
0.825721
0.754896
0.687892
0.624573
0.564902
0.508912
0.456663
0.408196
0.363499
0.322497
0.285052
0.250991
0.220115
0.192219
0.167094
0.144534
0.124333
0.106289
0.0902014
0.0758775
0.0631338
0.0517939
0.0416851
0.0326342
0.0244631
0.0169872
0.00999324
0.00329346
0.304614
0.913473
1.52021
2.12025
2.70477
3.26039
3.77007
4.21557
4.58085
4.85509
5.03426
5.12085
5.12235
5.04944
4.91428
4.72933
4.50682
4.25833
3.99456
3.72497
3.45731
3.1974
2.94924
2.71533
2.4971
2.29521
2.10978
1.94044
1.7864
1.64642
1.51889
1.40204
1.29412
1.19364
1.09943
1.01062
0.926623
0.847024
0.771575
0.700154
0.632762
0.569485
0.510446
0.455734
0.405354
0.359215
0.317148
0.278937
0.244341
0.213119
0.18503
0.159838
0.13731
0.117213
0.099318
0.0834058
0.0692705
0.0567169
0.0455549
0.0355934
0.0266335
0.0184692
0.0108527
0.00357273
0.340378
1.02187
1.70423
2.38374
3.05089
3.68952
4.27796
4.79232
5.21148
5.52163
5.7183
5.80563
5.79394
5.69702
5.52989
5.30743
5.0439
4.75268
4.44623
4.13554
3.82949
3.53446
3.25455
2.99213
2.74838
2.52376
2.31821
2.13123
1.96186
1.80857
1.66937
1.54199
1.42429
1.31449
1.21126
1.11369
1.02117
0.933291
0.849819
0.770653
0.695838
0.625538
0.559968
0.499282
0.443507
0.392531
0.346139
0.304064
0.266019
0.231723
0.200904
0.173299
0.148648
0.126688
0.107162
0.0898214
0.0744413
0.0608109
0.0487261
0.0379816
0.0283592
0.0196337
0.0115207
0.00378705
0.374282
1.12519
1.88134
2.64071
3.39339
4.12019
4.7936
5.38235
5.85863
6.20491
6.41665
6.50051
6.47062
6.34468
6.14095
5.87687
5.56868
5.23158
4.87987
4.52628
4.18093
3.85065
3.53943
3.24927
2.98094
2.73459
2.51
2.30657
2.12315
1.95795
1.80848
1.6719
1.54557
1.4274
1.31592
1.21021
1.1097
1.01401
0.922903
0.836312
0.754332
0.677232
0.605353
0.538944
0.478055
0.422538
0.372121
0.326467
0.285237
0.248111
0.214787
0.18498
0.158404
0.134768
0.11378
0.0951663
0.0786808
0.0641027
0.0512184
0.0398127
0.0296494
0.020487
0.0120007
0.00393702
0.405842
1.22203
2.04953
2.88891
3.7305
4.55176
5.31801
5.98817
6.52555
6.90807
7.13175
7.20707
7.15324
6.99277
6.74761
6.43771
6.0812
5.69495
5.29522
4.89689
4.51143
4.14597
3.80407
3.48709
3.19519
2.92816
2.68559
2.46683
2.27064
2.09497
1.93674
1.79235
1.65854
1.53289
1.41387
1.3006
1.19258
1.0895
0.991126
0.897398
0.808468
0.724737
0.646733
0.574833
0.509108
0.449353
0.395208
0.346259
0.302101
0.262379
0.226766
0.194958
0.16665
0.141519
0.119235
0.0994928
0.0820318
0.0666259
0.0530569
0.041105
0.030517
0.0210382
0.0122978
0.00402366
0.434506
1.31081
2.20634
3.12551
4.05973
4.98308
5.85196
6.6124
7.21568
7.6342
7.86575
7.92641
7.84206
7.64117
7.34964
6.9898
6.58136
6.1426
5.69195
5.24693
4.8207
4.4204
4.04872
3.70602
3.39168
3.10498
2.84546
2.61245
2.40475
2.2201
2.05471
1.90396
1.76381
1.63153
1.50559
1.38525
1.27018
1.1601
1.0548
0.954193
0.858481
0.768233
0.684243
0.607069
0.536789
0.473101
0.415533
0.363568
0.316732
0.274637
0.236937
0.203321
0.173465
0.147014
0.123593
0.102861
0.0845438
0.0684193
0.0542704
0.0418799
0.0309769
0.0212979
0.0124183
0.00404844
0.459673
1.38976
2.34899
3.34711
4.37792
5.41237
6.3961
7.25794
7.93276
8.38638
8.6205
8.65913
8.5368
8.28925
7.94646
7.53277
7.06902
6.57436
6.06959
5.57586
5.10844
4.67399
4.2737
3.90661
3.57102
3.26568
2.99013
2.74387
2.52587
2.3338
2.16299
2.00742
1.86204
1.72391
1.59158
1.46458
1.34284
1.22615
1.11423
1.007
0.904621
0.807895
0.718009
0.635768
0.561224
0.493922
0.433241
0.378538
0.329262
0.285003
0.245406
0.210158
0.178932
0.151336
0.126933
0.105338
0.0862707
0.0695245
0.05489
0.0421601
0.0310454
0.0212781
0.01237
0.00401327
0.480722
1.457
2.4744
3.54977
4.68117
5.83724
6.95091
7.92814
8.68103
9.16776
9.39752
9.40532
9.23656
8.93591
8.53723
8.06615
7.5441
6.9901
6.42758
5.88297
5.37426
4.90682
4.47945
4.08953
3.73396
3.41091
3.1202
2.86155
2.63437
2.43651
2.26223
2.10346
1.95392
1.8106
1.6723
1.53895
1.41089
1.28795
1.16975
1.05612
0.94715
0.843893
0.74814
0.661039
0.582547
0.511964
0.448489
0.391322
0.339829
0.293601
0.252279
0.215561
0.183136
0.154569
0.129335
0.106995
0.0872688
0.069985
0.0549476
0.0419693
0.0307395
0.0209918
0.0121616
0.00392065
0.497043
1.51066
2.57934
3.72909
4.96477
6.2545
7.51673
8.62704
9.46541
9.98141
10.198
10.1645
9.93983
9.57965
9.12088
8.58938
8.00666
7.38985
6.76529
6.16736
5.6178
5.11911
4.66652
4.25557
3.88136
3.54144
3.23629
2.96596
2.73054
2.52864
2.35312
2.19293
2.04019
1.8922
1.74821
1.6087
1.47466
1.34583
1.22167
1.10189
0.986344
0.876382
0.774719
0.682984
0.600896
0.527384
0.461443
0.402083
0.348578
0.300557
0.257665
0.219623
0.186162
0.156802
0.130888
0.107905
0.0875954
0.0698444
0.0544753
0.0413306
0.0300764
0.0204522
0.011803
0.00377381
0.508074
1.54892
2.66052
3.88025
5.22318
6.66002
8.09373
9.3597
10.2917
10.8303
11.0225
10.9358
10.6444
10.2185
9.69621
9.10185
8.45706
7.77397
7.08192
6.42788
5.83865
5.31121
4.83556
4.40566
4.01421
3.65804
3.33906
3.05754
2.81459
2.6105
2.43641
2.27672
2.12156
1.9693
1.81975
1.67412
1.5344
1.40008
1.27028
1.14466
1.02251
0.905492
0.79779
0.701694
0.616418
0.540344
0.472279
0.410993
0.355653
0.305998
0.261674
0.222426
0.188089
0.158127
0.131682
0.108144
0.0873072
0.0691453
0.0535041
0.0402665
0.0290729
0.0196733
0.0113053
0.00357692
0.51334
1.57019
2.71476
3.99817
5.44996
7.0485
8.68175
10.1325
11.1669
11.717
11.8713
11.7176
11.3471
10.8504
10.262
9.6028
8.89604
8.14321
7.3765
6.663
6.03647
5.48372
4.98731
4.54088
4.13361
3.76151
3.42924
3.13677
2.88656
2.68229
2.51294
2.35588
2.19874
2.04243
1.88731
1.7354
1.59036
1.45099
1.31586
1.18483
1.05598
0.931322
0.817344
0.71725
0.629275
0.551008
0.48118
0.418229
0.361196
0.310051
0.264413
0.224049
0.188988
0.158635
0.131818
0.107789
0.0864589
0.067929
0.0520643
0.0387976
0.0277453
0.0186695
0.0106806
0.00333523
0.512483
1.57315
2.73916
4.07766
5.63779
7.41313
9.28012
10.9539
12.0996
12.6432
12.7438
12.5082
12.0442
11.4727
10.8169
10.0913
9.32493
8.49906
7.64767
6.87063
6.21106
5.63753
5.12255
4.66244
4.24084
3.85257
3.50761
3.20419
2.9463
2.74404
2.5837
2.43159
2.27239
2.11214
1.95129
1.79264
1.64276
1.49883
1.35864
1.2228
1.08716
0.953916
0.833301
0.729735
0.639654
0.559541
0.488338
0.423981
0.365337
0.312841
0.265994
0.224556
0.188921
0.158425
0.1314
0.106916
0.0851008
0.0662341
0.0501848
0.0369425
0.0261085
0.017456
0.00994278
0.00305521
0.505298
1.55691
2.7313
4.11361
5.77847
7.74527
9.88723
11.8349
13.1004
13.6089
13.6389
13.3054
12.7301
12.0831
11.3603
10.5657
9.74582
8.84396
7.89353
7.04795
6.36246
5.77404
5.24195
4.77172
4.33736
3.93182
3.57504
3.26042
2.99337
2.7955
2.64988
2.50527
2.34301
2.17891
2.01207
1.84581
1.69179
1.54391
1.39876
1.25909
1.11655
0.973244
0.845478
0.73924
0.64778
0.566092
0.493952
0.42845
0.368192
0.31449
0.266531
0.223996
0.18793
0.157598
0.130546
0.105598
0.0832775
0.064097
0.0478937
0.0347171
0.0241758
0.0160491
0.00910709
0.00274454
0.491754
1.52103
2.68939
4.10128
5.86305
8.03394
10.4999
12.7902
14.1826
14.6116
14.5551
14.1078
13.3979
12.6792
11.8918
11.0236
10.1619
9.18182
8.1113
7.19104
6.49118
5.89526
5.34591
4.87029
4.42489
3.99955
3.63255
3.30633
3.02694
2.83608
2.713
2.57865
2.41084
2.24322
2.07009
1.89462
1.73766
1.58657
1.43623
1.29427
1.14477
0.989165
0.853565
0.74589
0.65394
0.57078
0.498229
0.431856
0.369844
0.315119
0.266151
0.222395
0.186038
0.156267
0.129388
0.103899
0.0810251
0.0615515
0.0452189
0.0321342
0.0219583
0.0144667
0.00819082
0.00241206
0.472002
1.46567
2.61247
4.03662
5.88205
8.26538
11.1123
13.8395
15.3632
15.6438
15.4902
14.9148
14.0379
13.2598
12.4122
11.4605
10.5776
9.51857
8.29683
7.29454
6.59856
6.00414
5.43416
4.95998
4.50556
4.05549
3.68137
3.34316
3.04566
2.86463
2.77507
2.65388
2.47567
2.30556
2.12594
1.93851
1.78064
1.62725
1.4708
1.32905
1.17269
1.00137
0.857078
0.749876
0.658507
0.57366
0.501391
0.434454
0.370329
0.314854
0.265001
0.219749
0.183236
0.154557
0.128077
0.101875
0.0783693
0.0586305
0.0421892
0.0292024
0.0194637
0.0127297
0.00721351
0.00206761
0.446381
1.39151
2.50054
3.91657
5.82582
8.42261
11.7145
15.0093
16.664
16.6909
16.4428
15.7282
14.6362
13.8245
12.9243
11.8688
10.9995
9.8631
8.4439
7.35116
6.6872
6.10487
5.50532
5.04301
4.58211
4.09848
3.7231
3.37274
3.04745
2.87929
2.8388
2.73371
2.53656
2.36649
2.18042
1.9764
1.82112
1.66658
1.50182
1.36435
1.20145
1.00931
0.85531
0.751502
0.661976
0.574676
0.503687
0.43655
0.369603
0.313827
0.263267
0.216015
0.179476
0.152618
0.126792
0.0995609
0.0753231
0.055367
0.0388357
0.0259259
0.0166952
0.0108623
0.00619732
0.0017217
0.415399
1.29985
2.35466
3.73943
5.68508
8.4851
12.29
16.3353
18.1137
17.7269
17.4127
16.5537
15.1729
14.3757
13.4335
12.2357
11.4367
10.2283
8.54327
7.35109
6.76165
6.20338
5.55601
5.12224
4.65818
4.12591
3.75985
3.39786
3.0293
2.87717
2.90792
2.82169
2.59136
2.42678
2.23478
2.00647
1.85974
1.70548
1.52804
1.40132
1.23265
1.01209
0.847274
0.751254
0.665018
0.573585
0.505403
0.438528
0.367501
0.312189
0.261193
0.211093
0.174662
0.150633
0.125751
0.0969619
0.0718847
0.051797
0.035194
0.0223025
0.0136503
0.00889446
0.00516727
0.00138513
0.379712
1.19247
2.17698
3.50522
5.45169
8.42869
12.8125
17.8654
19.7504
18.7093
18.4031
17.4034
15.6186
14.9196
13.9501
12.5405
11.9022
10.6327
8.5813
7.28134
6.82924
6.30788
5.57978
5.2015
4.7388
4.13292
3.79451
3.42264
2.98693
2.85399
2.98753
2.92249
2.63615
2.4876
2.29097
2.0258
1.89754
1.74537
1.54725
1.44153
1.26849
1.00831
0.831638
0.749887
0.668534
0.569853
0.506902
0.440899
0.36368
0.310128
0.259106
0.20481
0.168628
0.148831
0.125216
0.0940389
0.0680371
0.0479626
0.0313061
0.0183224
0.0103185
0.0068633
0.00415128
0.0010685
0.340086
1.07161
1.9707
3.21591
5.11952
8.22601
13.2414
19.6636
21.6248
19.571
19.4236
18.2991
15.93
15.4683
14.4907
12.7503
12.414
11.102
8.53822
7.12499
6.90119
6.42968
5.56552
5.28623
4.83104
4.11134
3.83121
3.45308
2.91439
2.80366
3.08466
3.04228
2.66442
2.55085
2.35195
2.02981
1.93622
1.78838
1.55585
1.4871
1.31197
0.995877
0.806652
0.74854
0.673733
0.562505
0.508668
0.444351
0.357527
0.307895
0.257457
0.196889
0.161132
0.147508
0.125514
0.0906868
0.0637493
0.0439164
0.0272232
0.013966
0.00667931
0.00481646
0.00317988
0.000781578
0.297361
0.939809
1.73994
2.87563
4.68556
7.84766
13.5155
21.8145
23.8055
20.2107
20.4939
19.2758
16.0434
16.0429
15.0813
12.8153
12.9977
11.6719
8.38579
6.86048
6.99394
6.58411
5.49535
5.38426
4.94483
4.04821
3.87577
3.49772
2.80366
2.71765
3.20881
3.18926
2.6659
2.6196
2.42218
2.01156
1.97845
1.83769
1.54823
1.54098
1.36717
0.971722
0.770085
0.748867
0.682232
0.549928
0.511379
0.449827
0.348051
0.305844
0.256859
0.186917
0.151829
0.147051
0.127051
0.0867082
0.0589806
0.0397257
0.0230087
0.00920086
0.00269958
0.00281578
0.00228538
0.000532653
0.252404
0.79982
1.48957
2.49065
4.15101
7.26432
13.545
24.429
26.3846
20.4796
21.6502
20.388
15.8662
16.6773
15.7614
12.6609
13.6893
12.3901
8.08434
6.46088
7.13067
6.79182
5.3418
5.50703
5.09405
3.92381
3.93656
3.56834
2.644
2.58438
3.37269
3.37436
2.62514
2.6987
2.50818
1.96072
2.02836
1.898
1.51599
1.60724
1.43955
0.931492
0.719169
0.753197
0.69617
0.529609
0.516014
0.458619
0.333723
0.304489
0.25814
0.174302
0.140258
0.147956
0.130328
0.0817778
0.0536892
0.0354771
0.0187411
0.00397894
-0.0016702
0.000942327
0.00150029
0.000327827
0.206073
0.654438
1.22496
2.06922
3.52235
6.45042
13.2011
27.651
29.4865
20.1647
22.9525
21.715
15.2655
17.4236
16.5884
12.1794
14.5389
13.32
7.57922
5.89336
7.34297
7.08028
5.06437
5.67119
5.29798
3.70921
4.0255
3.68084
2.42142
2.38837
3.593
3.61208
2.51964
2.79569
2.61928
1.86238
2.09209
1.97603
1.4469
1.69155
1.53629
0.869114
0.650566
0.7647
0.71836
0.497808
0.523996
0.472484
0.312287
0.304583
0.262396
0.158213
0.125825
0.150866
0.13597
0.0753982
0.0478476
0.0312799
0.0145175
-0.00176734
-0.00649966
-0.000697105
0.000854755
0.000170415
0.159175
0.506379
0.951654
1.62123
2.81212
5.38951
12.3029
31.6647
33.2775
18.9683
24.4955
23.3694
14.0546
18.3585
17.6435
11.2186
15.6158
14.5436
6.79639
5.11884
7.67258
7.48574
4.60517
5.90062
5.58285
3.36315
4.15941
3.85605
2.1179
2.10944
3.89132
3.92159
2.31758
2.9219
2.76844
1.69539
2.17861
2.08118
1.32362
1.80174
1.66664
0.776296
0.560371
0.787564
0.752463
0.449151
0.537382
0.493777
0.280513
0.30723
0.271048
0.137519
0.107781
0.156599
0.144751
0.0668458
0.0414644
0.0272679
0.0104565
-0.00812894
-0.0118834
-0.00196196
0.000372967
6.05649e-05
0.112442
0.358164
0.675123
1.15759
2.03921
4.08187
10.6024
36.7028
37.9793
16.4831
26.4208
25.505
11.9761
19.5919
19.0385
9.56821
17.0154
16.1649
5.63746
4.09213
8.17306
8.05559
3.88373
6.22908
5.98385
2.82833
4.36181
4.1206
1.71072
1.72167
4.29502
4.32804
1.97505
3.09382
2.97325
1.4305
2.3006
2.22636
1.12218
1.94858
1.84234
0.641942
0.444165
0.827162
0.80321
0.376146
0.559101
0.525609
0.2339
0.314018
0.285903
0.110711
0.0852192
0.16618
0.157618
0.0551062
0.0346163
0.0235981
0.00670241
-0.0152242
-0.0179463
-0.0026681
6.82369e-05
-4.66961e-06
0.0665102
0.21203
0.400442
0.68957
1.22831
2.55458
7.76583
43.0553
43.8832
12.1633
28.9329
28.327
8.68118
21.2764
20.9237
6.94408
18.8667
18.3135
3.97391
2.76248
8.9112
8.85116
2.79092
6.70334
6.54724
2.02701
4.66507
4.50765
1.17168
1.19244
4.83811
4.86423
1.43286
3.33484
3.25702
1.02801
2.47563
2.42887
0.81019
2.14665
2.07801
0.451474
0.297137
0.890187
0.87666
0.268612
0.593255
0.572012
0.166331
0.327204
0.309199
0.0758167
0.0570646
0.180875
0.175735
0.0387987
0.0274907
0.0204445
0.00342859
-0.0232027
-0.0248503
-0.00257619
-6.3229e-05
-3.0502e-05
0.0219065
0.0698671
0.132074
0.227907
0.408361
0.874458
3.35286
51.0783
51.369
5.29114
32.3175
32.1019
3.70769
23.6192
23.4968
2.97038
21.3425
21.1476
1.64094
1.0749
9.96807
9.95116
1.18212
7.38686
7.3327
0.856045
5.11311
5.05747
0.466451
0.481427
5.56208
5.57244
0.612873
3.67725
3.65
0.435274
2.7275
2.71139
0.344772
2.4155
2.39143
0.186101
0.114285
0.984747
0.980507
0.113042
0.645471
0.638116
0.0696766
0.349927
0.343649
0.0303083
0.0220805
0.202215
0.200509
0.0160906
0.0204399
0.0179868
0.000842149
-0.0322486
-0.0328011
-0.00137828
-4.98395e-05
-2.24747e-05
)
;

boundaryField
{
    left
    {
        type            calculated;
        value           uniform 0;
    }
    right
    {
        type            calculated;
        value           uniform 0;
    }
    interface
    {
        type            calculated;
        value           nonuniform List<scalar> 
64
(
0.0219065
0.0698671
0.132074
0.227907
0.408361
0.874458
3.35286
51.0783
51.369
5.29114
32.3175
32.1019
3.70769
23.6192
23.4968
2.97038
21.3425
21.1476
1.64094
1.0749
9.96807
9.95116
1.18212
7.38686
7.3327
0.856045
5.11311
5.05747
0.466451
0.481427
5.56208
5.57244
0.612873
3.67725
3.65
0.435274
2.7275
2.71139
0.344772
2.4155
2.39143
0.186101
0.114285
0.984747
0.980507
0.113042
0.645471
0.638116
0.0696766
0.349927
0.343649
0.0303083
0.0220805
0.202215
0.200509
0.0160906
0.0204399
0.0179868
0.000842149
-0.0322486
-0.0328011
-0.00137828
-4.98395e-05
-2.24747e-05
)
;
    }
    bottom
    {
        type            calculated;
        value           nonuniform List<scalar> 
64
(
0.0222124
0.0663903
0.109805
0.151879
0.191955
0.229304
0.263166
0.292811
0.317616
0.337131
0.351126
0.359607
0.362804
0.361136
0.355166
0.345544
0.332965
0.318126
0.301692
0.28427
0.26639
0.248498
0.230949
0.214012
0.197879
0.182675
0.168466
0.155273
0.143079
0.131837
0.12148
0.111928
0.103096
0.0949034
0.0872747
0.0801458
0.073464
0.0671884
0.0612888
0.0557439
0.0505397
0.0456673
0.0411207
0.0368944
0.0329826
0.0293775
0.0260691
0.0230451
0.0202915
0.0177929
0.0155332
0.0134956
0.011663
0.0100187
0.00854568
0.00722755
0.00604805
0.00499115
0.00404096
0.00318157
0.00239689
0.00167054
0.000985857
0.000325915
)
;
    }
    defaultFaces
    {
        type            empty;
    }
}


// ************************************************************************* //
