/*--------------------------------*- C++ -*----------------------------------*\
| =========                 |                                                 |
| \\      /  F ield         | OpenFOAM: The Open Source CFD Toolbox           |
|  \\    /   O peration     | Version:  5.x                                   |
|   \\  /    A nd           | Web:      www.OpenFOAM.org                      |
|    \\/     M anipulation  |                                                 |
\*---------------------------------------------------------------------------*/
FoamFile
{
    version     2.0;
    format      ascii;
    class       volScalarField;
    location    "4.7";
    object      gradTx;
}
// * * * * * * * * * * * * * * * * * * * * * * * * * * * * * * * * * * * * * //

dimensions      [0 -1 0 1 0 0 0];

internalField   nonuniform List<scalar> 
2048
(
0.0217121
0.0648893
0.107306
0.148387
0.18748
0.223863
0.256785
0.285526
0.309473
0.328184
0.341436
0.349241
0.351829
0.349622
0.343177
0.333141
0.320203
0.305052
0.288345
0.270682
0.252587
0.2345
0.216772
0.199671
0.183391
0.168056
0.153741
0.140471
0.128237
0.117003
0.106711
0.0972921
0.0886704
0.0807709
0.0735231
0.0668637
0.0607377
0.0550988
0.0499085
0.0451351
0.0407523
0.0367379
0.033072
0.0297358
0.0267104
0.0239762
0.0215124
0.0192972
0.0173077
0.0155206
0.0139124
0.0124598
0.0111398
0.00993049
0.00881121
0.00776311
0.00676944
0.00581588
0.00489063
0.00398439
0.00309023
0.00220328
0.00132044
0.000439876
0.0643904
0.19246
0.318329
0.440317
0.556483
0.664663
0.762584
0.848059
0.919217
0.974717
1.01388
1.03676
1.04407
1.03708
1.01749
0.987255
0.948436
0.903102
0.853217
0.800567
0.746711
0.692949
0.640318
0.589605
0.54137
0.495978
0.453635
0.414413
0.378278
0.345114
0.314746
0.286963
0.261537
0.238242
0.216868
0.197226
0.179155
0.162516
0.147198
0.133109
0.12017
0.108319
0.0974971
0.08765
0.0787224
0.0706566
0.0633911
0.056861
0.0509987
0.0457351
0.0410002
0.0367248
0.0328407
0.0292827
0.0259895
0.0229048
0.0199791
0.0171698
0.0144422
0.0117688
0.00912942
0.00651004
0.00390168
0.00129971
0.105739
0.316116
0.523062
0.723883
0.915391
1.09395
1.25568
1.39682
1.51414
1.60533
1.66925
1.706
1.71685
1.70401
1.67038
1.61926
1.55413
1.47845
1.39548
1.30819
1.21916
1.1305
1.0439
0.960616
0.881546
0.807257
0.738058
0.674044
0.61514
0.561138
0.511731
0.466559
0.425234
0.387377
0.352636
0.320703
0.291311
0.264239
0.239306
0.216365
0.195294
0.175992
0.158368
0.142337
0.127809
0.114691
0.102882
0.0922773
0.0827639
0.0742285
0.0665561
0.0596327
0.0533461
0.0475886
0.0422588
0.0372642
0.0325229
0.0279653
0.0235346
0.0191866
0.014889
0.0106201
0.00636559
0.0021203
0.14604
0.436737
0.723081
1.00149
1.26756
1.5161
1.74146
1.93806
2.10113
2.22723
2.31475
2.36389
2.3766
2.35617
2.30681
2.23331
2.14064
2.03367
1.91702
1.79484
1.67069
1.54749
1.42753
1.3125
1.20354
1.10141
1.00646
0.918792
0.838259
0.764539
0.697178
0.635644
0.579377
0.527837
0.480529
0.437024
0.396959
0.360036
0.326011
0.294689
0.265911
0.239546
0.215478
0.193592
0.173774
0.155894
0.139815
0.12539
0.112464
0.100879
0.0904767
0.0810985
0.0725889
0.0647981
0.0575849
0.0508204
0.0443909
0.0382005
0.0321715
0.0262443
0.0203764
0.0145401
0.00871698
0.00290344
0.185449
0.554838
0.919372
1.27477
1.61542
1.93446
2.22417
2.47685
2.68582
2.84636
2.95629
3.01606
3.02847
2.9981
2.9307
2.83266
2.71054
2.57075
2.41927
2.26146
2.10188
1.94421
1.79129
1.64515
1.50716
1.37815
1.25853
1.14833
1.04732
0.95503
0.870836
0.794008
0.723795
0.659482
0.600428
0.546087
0.496004
0.449813
0.407217
0.36798
0.331916
0.29887
0.26871
0.241301
0.216503
0.194157
0.174088
0.156107
0.140017
0.125617
0.112704
0.101076
0.0905359
0.08089
0.0719572
0.0635718
0.0555885
0.0478856
0.0403654
0.0329549
0.0256033
0.0182791
0.0109618
0.00365132
0.224005
0.670582
1.11237
1.54461
1.96057
2.35149
2.70721
3.01737
3.27296
3.46768
3.59879
3.66711
3.67658
3.63337
3.54503
3.41972
3.26575
3.0911
2.90322
2.7087
2.51311
2.32085
2.13522
1.95854
1.79231
1.63738
1.49413
1.36252
1.2422
1.13252
1.03264
0.941626
0.858491
0.782333
0.712363
0.64792
0.588472
0.533589
0.482932
0.436235
0.39329
0.353934
0.318024
0.285415
0.255947
0.229431
0.205655
0.184387
0.165388
0.148413
0.133216
0.119552
0.107181
0.095866
0.0853845
0.075533
0.066134
0.0570405
0.0481365
0.0393369
0.0305852
0.021849
0.0131074
0.00436644
0.26163
0.783797
1.30198
1.81128
2.30388
2.76891
3.19322
3.56312
3.86662
4.0955
4.2464
4.32083
4.32423
4.26476
4.15205
3.99629
3.80762
3.59572
3.36954
3.13697
2.9046
2.67751
2.45939
2.25272
2.05902
1.87911
1.71328
1.56139
1.42293
1.29706
1.1827
1.07863
0.983613
0.896546
0.816484
0.742665
0.674485
0.61147
0.553245
0.499522
0.450085
0.404769
0.363436
0.325941
0.292106
0.261715
0.234515
0.210232
0.188581
0.169272
0.15202
0.136537
0.122539
0.109747
0.0978918
0.0867317
0.0760564
0.0656939
0.0555112
0.0454133
0.0353407
0.025263
0.0151618
0.00505156
0.298136
0.893987
1.4876
2.07436
2.6455
3.18776
3.6843
4.11712
4.47041
4.73357
4.90269
4.98031
4.97397
4.89428
4.75335
4.56357
4.33703
4.08518
3.81856
3.54643
3.27642
3.01425
2.76386
2.52777
2.3074
2.10346
1.91611
1.74508
1.58968
1.44885
1.32123
1.20526
1.09943
1.00238
0.913038
0.830543
0.754244
0.683632
0.618309
0.557973
0.502406
0.451457
0.405009
0.362926
0.32502
0.291044
0.260703
0.233675
0.209626
0.188226
0.169146
0.152061
0.136644
0.122567
0.109516
0.0972063
0.0853931
0.0738806
0.0625205
0.0512104
0.0398906
0.0285358
0.0171337
0.00570958
0.333231
1.00035
1.66814
2.33284
2.98497
3.60853
4.18209
4.68207
5.08768
5.38534
5.57075
5.64811
5.62774
5.52338
5.34997
5.12231
4.85451
4.55979
4.25038
3.93706
3.62853
3.33106
3.04871
2.78385
2.53767
2.31068
2.10287
1.91382
1.74269
1.58818
1.44856
1.32189
1.20629
1.10019
1.00235
0.911844
0.828005
0.750304
0.678326
0.611761
0.550398
0.494116
0.442836
0.396447
0.354757
0.317484
0.284282
0.254775
0.22858
0.205324
0.184642
0.16617
0.149539
0.134373
0.120305
0.107003
0.0941881
0.0816404
0.069199
0.0567568
0.0442568
0.0316826
0.0190318
0.00634337
0.366524
1.10179
1.84203
2.58511
3.32115
4.03113
4.68786
5.26049
5.72161
6.05401
6.25331
6.32624
6.28689
6.1529
5.94245
5.67287
5.36025
5.01959
4.66492
4.30869
3.96078
3.62792
3.31404
3.02117
2.75013
2.50109
2.27388
2.06795
1.88231
1.7154
1.56508
1.42894
1.30466
1.19039
1.08479
0.9869
0.896062
0.811749
0.733534
0.661097
0.59424
0.532888
0.477032
0.426604
0.381409
0.341122
0.305337
0.273614
0.245518
0.220634
0.198566
0.178917
0.161278
0.145219
0.130313
0.116175
0.10249
0.0890162
0.0755834
0.0620823
0.0484619
0.0347184
0.0208645
0.00695559
0.39754
1.19695
2.00728
2.82895
3.65228
4.45494
5.20264
5.85486
6.37543
6.74267
6.95276
7.01624
6.95223
6.78318
6.53091
6.21528
5.85425
5.46449
5.06191
4.66099
4.27295
3.90478
3.56002
3.24007
2.94516
2.67512
2.42956
2.20785
2.0089
1.83092
1.67128
1.52693
1.39502
1.27345
1.16077
1.05607
0.958736
0.868256
0.784195
0.706215
0.63413
0.567936
0.507726
0.453508
0.405081
0.362062
0.323969
0.290288
0.260527
0.234234
0.210987
0.190364
0.171919
0.155164
0.139599
0.124778
0.110349
0.0960528
0.0817111
0.0672169
0.0525282
0.0376575
0.0226389
0.00754846
0.425734
1.28425
2.16148
3.06157
3.97592
4.87882
5.72719
6.46777
7.05253
7.45436
7.67122
7.71919
7.62402
7.41405
7.11507
6.74932
6.33639
5.89428
5.44099
4.99355
4.56476
4.16163
3.78686
3.44092
3.12328
2.83326
2.57036
2.33394
2.12288
1.9352
1.76768
1.61643
1.47795
1.34988
1.23074
1.11974
1.01636
0.920126
0.830587
0.74737
0.670287
0.599429
0.535055
0.477279
0.42589
0.380422
0.340295
0.304907
0.273706
0.24621
0.221978
0.200574
0.181524
0.164272
0.148228
0.132873
0.11782
0.102795
0.0876194
0.0721906
0.0564775
0.0405128
0.0243611
0.00812354
0.450516
1.36195
2.30186
3.27962
4.28894
5.30102
6.26214
7.10207
7.7566
8.19213
8.41051
8.43567
8.30194
8.04487
7.69434
7.27463
6.80647
6.30874
5.80169
5.30582
4.83589
4.39848
3.99487
3.62426
3.28507
2.97611
2.69684
2.44669
2.22466
2.02868
1.85485
1.69807
1.55405
1.4202
1.29515
1.17826
1.06925
0.967663
0.872999
0.784831
0.702941
0.627541
0.559149
0.498037
0.44396
0.396329
0.354443
0.317593
0.285164
0.256654
0.231613
0.20961
0.190153
0.172609
0.156267
0.140521
0.124955
0.109287
0.0933444
0.0770325
0.0603308
0.0432955
0.0260345
0.00868143
0.471272
1.4282
2.4254
3.47921
4.5875
5.71919
6.80797
7.76107
8.49181
8.95907
9.17211
9.16577
8.98511
8.67454
8.26785
7.79067
7.26437
6.70772
6.14348
5.5971
5.08598
4.61543
4.18447
3.79071
3.43125
3.10432
2.80956
2.54656
2.31462
2.11183
1.93338
1.77253
1.62395
1.48497
1.35443
1.23201
1.11773
1.01117
0.911722
0.818883
0.732333
0.652445
0.580133
0.515899
0.459417
0.409916
0.366548
0.328475
0.295014
0.26566
0.239969
0.217531
0.197864
0.180242
0.163786
0.147785
0.131806
0.115572
0.0989199
0.0817704
0.0641082
0.0460146
0.02766
0.00922139
0.487403
1.48115
2.5289
3.65599
4.86695
6.13017
7.36502
8.44877
9.26301
9.75821
9.95714
9.90903
9.672
9.30155
8.83453
8.29687
7.7101
7.09124
6.46571
5.86654
5.31465
4.81267
4.35617
3.94102
3.56264
3.21862
2.90915
2.63405
2.39312
2.18506
2.00394
1.84058
1.68832
1.54473
1.40902
1.28131
1.1621
1.05094
0.947048
0.849821
0.758719
0.674302
0.598111
0.530976
0.472393
0.421323
0.376755
0.337688
0.30337
0.273324
0.247118
0.224389
0.20471
0.187239
0.170858
0.154725
0.138422
0.121688
0.104376
0.0864313
0.0678296
0.0486766
0.0292346
0.00974093
0.498352
1.519
2.60911
3.80522
5.12182
6.5299
7.93344
9.17013
10.0759
10.5925
10.7663
10.6645
10.3604
9.92399
9.39313
8.79255
8.14395
7.45956
6.76762
6.11303
5.52154
4.99054
4.5106
4.07607
3.68017
3.31977
2.99627
2.70963
2.46043
2.24873
2.06722
1.90304
1.74783
1.60003
1.45933
1.32645
1.20263
1.08725
0.979256
0.877961
0.782373
0.693261
0.613163
0.543373
0.483027
0.430695
0.385215
0.345376
0.310351
0.279746
0.253131
0.230226
0.210733
0.193674
0.177564
0.161403
0.144852
0.127672
0.10974
0.0910413
0.0715153
0.0512848
0.0307507
0.0102354
0.503648
1.54018
2.6629
3.92187
5.34577
6.91313
8.51309
9.9315
10.9375
11.4644
11.5996
11.4306
11.0474
10.5396
9.9424
9.27694
8.56657
7.81343
7.04827
6.3351
5.70631
5.1496
4.64846
4.19687
3.78489
3.40852
3.07162
2.77382
2.51669
2.30308
2.12399
1.96083
1.80315
1.65138
1.50576
1.36767
1.23957
1.12038
1.00861
0.903639
0.803595
0.709442
0.62533
0.553186
0.491463
0.438177
0.392085
0.351688
0.316071
0.285024
0.25808
0.23507
0.215968
0.199621
0.183987
0.167873
0.151136
0.133555
0.115031
0.0956265
0.0751879
0.053839
0.0321948
0.0106974
0.502937
1.54339
2.6874
4.0008
5.53156
7.27316
9.1033
10.7411
11.8562
12.3756
12.4567
12.2056
11.7289
11.1461
10.4812
9.74905
8.97919
8.15421
7.30638
6.53079
5.86875
5.29073
4.7705
4.30456
3.878
3.4856
3.13594
2.82718
2.5619
2.34825
2.17514
2.01501
1.85488
1.69926
1.54868
1.4051
1.27314
1.15059
1.03534
0.927222
0.822726
0.722932
0.634599
0.56051
0.497863
0.443908
0.397528
0.356778
0.320638
0.289261
0.262035
0.238929
0.220429
0.205168
0.190226
0.174184
0.157312
0.139365
0.120261
0.100214
0.0788743
0.0563345
0.033546
0.0111164
0.496012
1.52772
2.6802
4.03699
5.6711
7.60145
9.70248
11.6099
12.8423
13.3262
13.3364
12.9876
12.3998
11.7408
11.0085
10.2073
9.38373
8.48423
7.54014
6.6974
6.0089
5.41525
4.87741
4.40044
3.96086
3.55158
3.19007
2.87034
2.59579
2.38412
2.22171
2.06683
1.90355
1.74415
1.58847
1.43881
1.30354
1.17816
1.05962
0.94912
0.840171
0.733762
0.640888
0.565446
0.502411
0.44802
0.401717
0.360812
0.324143
0.292561
0.265072
0.241787
0.224109
0.210415
0.196391
0.180369
0.163412
0.145129
0.125427
0.104833
0.08261
0.0587611
0.0347741
0.011478
0.482838
1.49276
2.63953
4.02574
5.75555
7.88717
10.3075
12.5522
13.9092
14.3136
14.2371
13.7748
13.0531
12.3218
11.5242
10.6493
9.78314
8.8072
7.74694
6.83123
6.12725
5.5251
4.96958
4.48595
4.03511
3.60679
3.23493
2.90416
2.61782
2.41028
2.26501
2.11778
1.94944
1.78646
1.62552
1.46866
1.33098
1.2034
1.08151
0.969807
0.856435
0.741881
0.64402
0.568115
0.505332
0.450615
0.404829
0.36397
0.326655
0.29504
0.267281
0.243593
0.22697
0.215488
0.202617
0.186439
0.169465
0.150875
0.13051
0.109519
0.0864437
0.0611001
0.0358379
0.0117639
0.463558
1.43864
2.56444
3.96304
5.77555
8.11675
10.9126
13.5877
15.0734
15.3305
15.1567
14.5669
13.6793
12.8873
12.029
11.0707
10.1817
9.12881
7.92284
6.9272
6.22504
5.62311
5.04686
4.56277
4.10271
3.65106
3.27163
2.92979
2.62697
2.42588
2.30672
2.16971
1.99253
1.82663
1.66034
1.49431
1.3557
1.22668
1.1009
0.989843
0.872168
0.747121
0.643697
0.568684
0.506906
0.451747
0.40706
0.366454
0.328194
0.296828
0.268778
0.244251
0.228928
0.220548
0.209071
0.192365
0.175498
0.156638
0.135459
0.114315
0.0904446
0.063321
0.0366827
0.0119514
0.4385
1.36604
2.45491
3.84585
5.72158
8.27343
11.5079
14.7422
16.3566
16.3625
16.0935
15.3654
14.265
13.4373
12.5256
11.464
10.5855
9.45753
8.06198
6.97841
6.3047
5.71329
5.10802
4.63292
4.16619
3.68341
3.30153
2.9489
2.62167
2.42948
2.34907
2.22492
2.03218
1.86509
1.6936
1.51506
1.37802
1.2485
1.11741
1.00992
0.888234
0.749144
0.639459
0.567399
0.507497
0.451381
0.408629
0.368504
0.328713
0.298079
0.269722
0.243608
0.22984
0.225816
0.215966
0.198054
0.181542
0.162468
0.140179
0.11928
0.0947121
0.0653753
0.0372377
0.0120135
0.408159
1.27621
2.31198
3.67249
5.58447
8.33695
12.0772
16.0512
17.7871
17.3841
17.0475
16.1762
14.7905
13.9738
13.0194
11.8169
11.0032
9.80571
8.15558
6.97555
6.37048
5.80129
5.15005
4.69895
4.22894
3.7016
3.32643
2.96398
2.59952
2.4188
2.39511
2.28639
2.06685
1.90243
1.72631
1.52964
1.39841
1.26956
1.13021
1.03092
0.905799
0.747361
0.630651
0.564633
0.507583
0.449342
0.409798
0.370423
0.328052
0.298987
0.270342
0.241432
0.229481
0.23159
0.223579
0.203318
0.187646
0.168451
0.14451
0.124493
0.0993879
0.0671866
0.0374146
0.0119201
0.373176
1.1709
2.13775
3.44296
5.35618
8.2835
12.5946
17.5616
19.4024
18.3533
18.0217
17.011
15.2273
14.5028
13.5204
12.1095
11.447
10.191
8.19075
6.90636
6.42924
5.89492
5.16712
4.76429
4.29557
3.70141
3.34877
2.97864
2.5571
2.39044
2.44897
2.358
2.09364
1.93949
1.75996
1.53603
1.41764
1.29091
1.13783
1.05398
0.926449
0.740832
0.616367
0.560952
0.507803
0.44523
0.410896
0.372605
0.32588
0.299808
0.270965
0.237391
0.227512
0.238282
0.232276
0.207822
0.19389
0.174722
0.148191
0.130069
0.104673
0.0686377
0.0371067
0.011639
0.334302
1.05232
1.93535
3.15918
5.03064
8.08608
13.02
19.3365
21.2526
19.2043
19.025
17.8909
15.533
15.0359
14.0447
12.3102
11.9341
10.6382
8.1487
6.75484
6.49149
6.00493
5.14909
4.83374
4.37256
3.67569
3.37199
2.99809
2.4896
2.3395
2.51628
2.4448
2.10761
1.97762
1.79684
1.53098
1.43692
1.31412
1.13779
1.08065
0.952339
0.728124
0.595407
0.557192
0.50901
0.438312
0.412364
0.375582
0.32162
0.300885
0.272061
0.231021
0.223446
0.246455
0.242544
0.211016
0.200413
0.181497
0.150814
0.136173
0.110846
0.0695497
0.0361901
0.0111388
0.29236
0.922972
1.70886
2.8252
4.60487
7.71569
13.2931
21.4593
23.4052
19.8374
20.0767
18.8508
15.6454
15.5935
14.618
12.3708
12.4889
11.1812
8.00256
6.50065
6.5726
6.14584
5.07959
4.91427
4.46898
3.61308
3.40099
3.02972
2.3904
2.2592
2.60466
2.55351
2.10094
2.01899
1.84033
1.50955
1.45813
1.34149
1.12624
1.11305
0.98637
0.707125
0.566227
0.554561
0.512341
0.42737
0.414815
0.380091
0.314334
0.302697
0.27429
0.221694
0.2166
0.256874
0.255034
0.212049
0.207455
0.189116
0.151763
0.143047
0.118289
0.0696557
0.0345285
0.010392
0.248204
0.785547
1.46306
2.44719
4.08002
7.14341
13.3254
24.0392
25.9511
20.1062
21.212
19.9437
15.4741
16.2084
15.2787
12.2196
13.1455
11.8658
7.71457
6.11843
6.69427
6.33712
4.93349
5.01603
4.5975
3.4963
3.44281
3.08366
2.25061
2.14027
2.72425
2.69296
2.06179
2.06711
1.89537
1.46435
1.48418
1.37638
1.09733
1.15406
1.0324
0.674814
0.526898
0.554747
0.519306
0.410505
0.419119
0.387145
0.302581
0.305912
0.278559
0.208575
0.206043
0.27056
0.270615
0.209643
0.215402
0.198084
0.150131
0.151043
0.127517
0.068564
0.0319834
0.00938029
0.202678
0.642799
1.20321
2.03326
3.46247
6.34404
12.9899
27.2179
29.0128
19.8013
22.4896
21.2476
14.8896
16.931
16.0826
11.7529
13.9517
12.7527
7.2326
5.57732
6.88605
6.60465
4.67362
5.15385
4.77559
3.29992
3.50751
3.17357
2.05851
1.97041
2.88836
2.87481
1.97291
2.12745
1.96898
1.38468
1.51941
1.42359
1.04253
1.20769
1.0955
0.626964
0.475079
0.560041
0.531898
0.384883
0.426515
0.398143
0.284236
0.311467
0.286089
0.190576
0.190526
0.28886
0.29045
0.201949
0.224868
0.209138
0.144614
0.160668
0.139205
0.0657115
0.0284301
0.00809947
0.156577
0.497401
0.934794
1.59314
2.76454
5.30132
12.1085
31.1769
32.7543
18.63
24.0019
22.8727
13.7096
17.8356
17.1088
10.8239
14.9739
13.9203
6.48598
4.84076
7.18702
6.98245
4.24686
5.34913
5.02703
2.98769
3.60942
3.3173
1.79889
1.7336
3.11416
3.1144
1.8098
2.20829
2.07085
1.25534
1.57015
1.48983
0.949747
1.2795
1.18218
0.557797
0.408015
0.573466
0.552727
0.346436
0.438764
0.414983
0.256259
0.320669
0.298475
0.166307
0.168415
0.313512
0.316077
0.186354
0.236775
0.223318
0.133374
0.17265
0.154231
0.0603049
0.0237837
0.00656516
0.110623
0.351833
0.66318
1.13759
2.00483
4.0155
10.4367
36.1452
37.3938
16.1918
25.8877
24.9699
11.6828
19.0287
18.4658
9.23004
16.3031
15.4683
5.38063
3.86655
7.64729
7.51485
3.5793
5.63217
5.38358
2.50921
3.76867
3.53765
1.45238
1.40941
3.42341
3.43173
1.53869
2.32183
2.21411
1.05524
1.64539
1.58426
0.802217
1.37703
1.3007
0.459568
0.322574
0.598891
0.58519
0.28948
0.458326
0.44021
0.214419
0.335323
0.317753
0.134021
0.137604
0.346722
0.349528
0.159263
0.25248
0.24205
0.113885
0.188011
0.173708
0.0512497
0.0180346
0.00481732
0.065443
0.208293
0.393365
0.677669
1.20766
2.51325
7.64558
42.4084
43.2183
11.95
28.3471
27.7402
8.46906
20.6586
20.2997
6.69765
18.0632
17.5206
3.79358
2.60762
8.32935
8.25909
2.57071
6.04513
5.88688
1.79609
4.01311
3.863
0.994769
0.972227
3.84313
3.85273
1.114
2.48549
2.41609
0.755757
1.7576
1.71913
0.577254
1.51055
1.46132
0.322104
0.215317
0.641134
0.633668
0.206296
0.48859
0.477172
0.152976
0.357896
0.346462
0.0915664
0.0954329
0.391234
0.393452
0.115831
0.273905
0.267243
0.0827389
0.208171
0.199024
0.0370667
0.0112964
0.00292242
0.0215567
0.0686372
0.129741
0.223976
0.401502
0.860353
3.30145
50.3171
50.6016
5.19909
31.6602
31.4444
3.61729
22.9266
22.8021
2.86451
20.4195
20.2284
1.56695
1.01323
9.30903
9.28839
1.08823
6.64539
6.59049
0.757548
4.38068
4.3278
0.396292
0.390588
4.40627
4.41069
0.475506
2.72345
2.69918
0.318872
1.92372
1.91048
0.244813
1.69379
1.67654
0.132285
0.0826406
0.706024
0.703764
0.0866298
0.534135
0.5302
0.0643072
0.391714
0.387678
0.0363402
0.0386024
0.450398
0.451275
0.049668
0.303706
0.301389
0.0354301
0.235058
0.231875
0.0157964
0.00386679
0.000971346
)
;

boundaryField
{
    left
    {
        type            calculated;
        value           uniform 0;
    }
    right
    {
        type            calculated;
        value           uniform 0;
    }
    interface
    {
        type            calculated;
        value           nonuniform List<scalar> 
64
(
0.0215567
0.0686372
0.129741
0.223976
0.401502
0.860353
3.30145
50.3171
50.6016
5.19909
31.6602
31.4444
3.61729
22.9266
22.8021
2.86451
20.4195
20.2284
1.56695
1.01323
9.30903
9.28839
1.08823
6.64539
6.59049
0.757548
4.38068
4.3278
0.396292
0.390588
4.40627
4.41069
0.475506
2.72345
2.69918
0.318872
1.92372
1.91048
0.244813
1.69379
1.67654
0.132285
0.0826406
0.706024
0.703764
0.0866298
0.534135
0.5302
0.0643072
0.391714
0.387678
0.0363402
0.0386024
0.450398
0.451275
0.049668
0.303706
0.301389
0.0354301
0.235058
0.231875
0.0157964
0.00386679
0.000971346
)
;
    }
    bottom
    {
        type            calculated;
        value           nonuniform List<scalar> 
64
(
0.0217121
0.0648893
0.107306
0.148387
0.18748
0.223863
0.256785
0.285526
0.309473
0.328184
0.341436
0.349241
0.351829
0.349622
0.343177
0.333141
0.320203
0.305052
0.288345
0.270682
0.252587
0.2345
0.216772
0.199671
0.183391
0.168056
0.153741
0.140471
0.128237
0.117003
0.106711
0.0972921
0.0886704
0.0807709
0.0735231
0.0668637
0.0607377
0.0550988
0.0499085
0.0451351
0.0407523
0.0367379
0.033072
0.0297358
0.0267104
0.0239762
0.0215124
0.0192972
0.0173077
0.0155206
0.0139124
0.0124598
0.0111398
0.00993049
0.00881121
0.00776311
0.00676944
0.00581588
0.00489063
0.00398439
0.00309023
0.00220328
0.00132044
0.000439876
)
;
    }
    defaultFaces
    {
        type            empty;
    }
}


// ************************************************************************* //
