/*--------------------------------*- C++ -*----------------------------------*\
| =========                 |                                                 |
| \\      /  F ield         | OpenFOAM: The Open Source CFD Toolbox           |
|  \\    /   O peration     | Version:  5.x                                   |
|   \\  /    A nd           | Web:      www.OpenFOAM.org                      |
|    \\/     M anipulation  |                                                 |
\*---------------------------------------------------------------------------*/
FoamFile
{
    version     2.0;
    format      ascii;
    class       volScalarField;
    location    "10.6";
    object      gradTx;
}
// * * * * * * * * * * * * * * * * * * * * * * * * * * * * * * * * * * * * * //

dimensions      [0 -1 0 1 0 0 0];

internalField   nonuniform List<scalar> 
2048
(
0.0222163
0.0664021
0.109825
0.151907
0.191991
0.229349
0.263219
0.292873
0.317687
0.337211
0.351215
0.359705
0.362911
0.361254
0.355293
0.345681
0.333113
0.318286
0.301864
0.284455
0.26659
0.248714
0.231183
0.214266
0.198155
0.182974
0.168792
0.155629
0.143466
0.132258
0.121937
0.112422
0.10363
0.0954765
0.0878875
0.0807979
0.0741544
0.0679154
0.06205
0.0565366
0.0513606
0.0465125
0.0419859
0.0377752
0.0338739
0.0302739
0.0269649
0.0239344
0.0211681
0.0186505
0.0163654
0.014296
0.0124255
0.010737
0.00921408
0.0078405
0.00660048
0.00547856
0.00445949
0.00352802
0.00266874
0.00186594
0.00110355
0.000365214
0.0658814
0.196933
0.32578
0.450731
0.569833
0.6809
0.781632
0.869813
0.943542
1.00145
1.04285
1.06775
1.07689
1.07152
1.05336
1.02437
0.98664
0.942256
0.893206
0.841301
0.78812
0.734981
0.68293
0.63276
0.585028
0.540096
0.498153
0.459252
0.423335
0.390257
0.359811
0.331753
0.305828
0.281787
0.259406
0.238491
0.218886
0.200467
0.183146
0.166858
0.151565
0.137238
0.123861
0.111418
0.0998915
0.0892576
0.0794855
0.0705382
0.0623731
0.0549441
0.0482025
0.0420988
0.0365829
0.031605
0.0271161
0.0230684
0.0194154
0.0161113
0.0131112
0.0103703
0.00784295
0.00548282
0.0032422
0.00107287
0.108174
0.323424
0.535239
0.740909
0.937227
1.12052
1.28687
1.43245
1.55399
1.64913
1.7167
1.75677
1.7706
1.7604
1.72909
1.67999
1.61662
1.54247
1.46085
1.37476
1.28681
1.19916
1.1135
1.03111
0.952866
0.879338
0.810808
0.74734
0.688818
0.634983
0.585476
0.539879
0.497759
0.458696
0.422315
0.388299
0.35639
0.326393
0.298164
0.271605
0.246656
0.223278
0.201449
0.181148
0.162348
0.145011
0.129087
0.114513
0.10122
0.0891314
0.078166
0.0682422
0.0592779
0.0511913
0.0439024
0.0373328
0.0314066
0.0260497
0.0211892
0.0167521
0.0126648
0.0088512
0.00523265
0.00173104
0.149378
0.446759
0.739786
1.02487
1.29756
1.55264
1.78437
1.98711
2.15601
2.28757
2.3801
2.4338
2.45059
2.43377
2.38757
2.31681
2.2265
2.12159
2.00675
1.88618
1.76349
1.64165
1.52298
1.40916
1.30136
1.20029
1.10629
1.01941
0.939449
0.866013
0.798567
0.7365
0.679181
0.626013
0.576465
0.530098
0.486561
0.44559
0.406998
0.37066
0.336502
0.304486
0.274589
0.246792
0.221063
0.19735
0.175586
0.155681
0.137538
0.121048
0.1061
0.0925803
0.0803747
0.0693709
0.0594583
0.0505296
0.0424809
0.0352113
0.0286219
0.0226137
0.0170865
0.0119367
0.00705409
0.00233268
0.18965
0.567453
0.940415
1.30424
1.65329
1.98062
2.27844
2.53893
2.7553
2.92276
3.03905
3.10457
3.12211
3.09625
3.03279
2.93814
2.81895
2.68168
2.53241
2.37656
2.21878
2.0628
1.91148
1.76688
1.63035
1.50272
1.38434
1.27521
1.17499
1.08315
0.998938
0.92152
0.850046
0.783723
0.721864
0.663907
0.609417
0.558071
0.509647
0.464004
0.421067
0.380804
0.343205
0.30826
0.275935
0.246171
0.218877
0.193937
0.171224
0.150596
0.131912
0.115025
0.0997909
0.0860672
0.0737136
0.0625944
0.0525796
0.0435435
0.0353631
0.0279157
0.0210764
0.0147157
0.00869222
0.00287304
0.229027
0.685668
1.13756
1.57993
2.00601
2.40696
2.7725
3.09212
3.35669
3.55977
3.69853
3.77376
3.78936
3.75152
3.66782
3.5465
3.39593
3.22421
3.03887
2.84663
2.65312
2.46283
2.27911
2.10427
1.93982
1.78659
1.6449
1.51465
1.3954
1.28638
1.18662
1.09501
1.01046
0.931956
0.858649
0.789861
0.725083
0.663946
0.606202
0.551705
0.500389
0.452245
0.407288
0.365526
0.326931
0.291431
0.258914
0.229236
0.202232
0.177731
0.155557
0.135534
0.117487
0.101243
0.0866335
0.0734949
0.0616725
0.051018
0.041387
0.0326353
0.0246156
0.017174
0.0101381
0.00334906
0.267428
0.801225
1.33111
1.85219
2.3566
2.83338
3.26922
3.65025
3.96428
4.20295
4.36278
4.44522
4.4557
4.40239
4.29498
4.14373
3.95887
3.75022
3.52685
3.2968
3.06675
2.8419
2.62596
2.42142
2.22982
2.05193
1.888
1.73781
1.60075
1.47583
1.36178
1.25719
1.16066
1.07096
0.987062
0.908189
0.833767
0.763397
0.696818
0.633889
0.574567
0.518879
0.466882
0.418615
0.374061
0.333137
0.295703
0.261579
0.230564
0.202452
0.177033
0.154104
0.133458
0.114894
0.0982127
0.0832249
0.0697521
0.0576261
0.0466839
0.0367629
0.027695
0.0193044
0.011387
0.00375898
0.304662
0.91362
1.52046
2.1206
2.70523
3.26095
3.77074
4.21636
4.58176
4.85612
5.03542
5.12212
5.12374
5.05096
4.91591
4.73109
4.5087
4.26034
3.99672
3.72728
3.45979
3.20007
2.95212
2.71845
2.5005
2.29892
2.11383
1.94487
1.79125
1.65173
1.5247
1.40837
1.301
1.20108
1.10743
1.01919
0.935741
0.856668
0.78171
0.710738
0.643746
0.580816
0.522069
0.46759
0.417378
0.371335
0.329286
0.291007
0.256257
0.224791
0.19637
0.17076
0.147728
0.12704
0.108469
0.091799
0.0768293
0.0633746
0.0512572
0.040299
0.0303137
0.0211054
0.0124374
0.00410203
0.340432
1.02203
1.7045
2.38412
3.05139
3.69014
4.27871
4.7932
5.2125
5.52277
5.71958
5.80704
5.79548
5.6987
5.53169
5.30937
5.04597
4.7549
4.4486
4.13808
3.83221
3.53738
3.25771
2.99555
2.7521
2.52781
2.32264
2.13609
1.96719
1.81442
1.67577
1.54898
1.4319
1.32273
1.22015
1.12322
1.03132
0.944043
0.861128
0.782469
0.708105
0.638198
0.572958
0.512539
0.45696
0.406099
0.359735
0.317591
0.279377
0.24481
0.213622
0.185551
0.160339
0.137721
0.11744
0.0992488
0.0829293
0.0682825
0.0551196
0.0432518
0.0324762
0.0225796
0.0132903
0.00437813
0.37434
1.12536
1.88163
2.64112
3.39394
4.12086
4.79442
5.38331
5.85974
6.20616
6.41805
6.50205
6.47231
6.34651
6.14292
5.87898
5.57094
5.23399
4.88244
4.52903
4.18387
3.85381
3.54284
3.25296
2.98495
2.73896
2.51479
2.31182
2.12891
1.96428
1.81543
1.67952
1.55388
1.43641
1.32565
1.22067
1.12086
1.02583
0.935354
0.849329
0.767851
0.691186
0.619676
0.553569
0.492906
0.437528
0.38715
0.341428
0.300014
0.262591
0.228862
0.198543
0.171352
0.146995
0.125175
0.105619
0.0880887
0.0723777
0.0582914
0.0456351
0.0341915
0.0237328
0.0139487
0.00458773
0.405904
1.22221
2.04984
2.88935
3.73108
4.55249
5.31888
5.9892
6.52675
6.90942
7.13326
7.20874
7.15506
6.99475
6.74974
6.44
6.08363
5.69754
5.29798
4.89983
4.51457
4.14934
3.80771
3.49102
3.19947
2.93282
2.6907
2.47243
2.27681
2.10176
1.94421
1.80055
1.6675
1.54263
1.42441
1.31194
1.20471
1.10237
1.00469
0.911587
0.823207
0.739953
0.662356
0.590794
0.525329
0.465738
0.411648
0.362631
0.318278
0.278233
0.242177
0.209814
0.18084
0.154927
0.131738
0.110964
0.0923525
0.0756952
0.060798
0.0474669
0.0354715
0.0245728
0.0144169
0.00473166
0.434572
1.311
2.20667
3.12597
4.06034
4.98385
5.8529
6.61351
7.21696
7.63565
7.86737
7.9282
7.84401
7.64329
7.35192
6.99224
6.58396
6.14536
5.69488
5.25005
4.82403
4.42397
4.05256
3.71017
3.39618
3.1099
2.85084
2.61837
2.41128
2.2273
2.06265
1.9127
1.77338
1.64197
1.51691
1.39745
1.28324
1.17399
1.06945
0.969527
0.874411
0.784678
0.701132
0.624334
0.55435
0.490857
0.433364
0.381334
0.334289
0.291844
0.253665
0.21945
0.188881
0.161595
0.1372
0.115347
0.0957719
0.0782744
0.0626681
0.0487674
0.0363298
0.0251091
0.0147004
0.00481111
0.459743
1.38996
2.34933
3.34759
4.37856
5.41318
6.39709
7.25911
7.93412
8.38793
8.62222
8.66103
8.53888
8.2915
7.94888
7.53536
7.07178
6.57728
6.07268
5.57914
5.11193
4.67773
4.27772
3.91096
3.57573
3.27082
2.99576
2.75007
2.53273
2.34138
2.17137
2.01666
1.87219
1.735
1.60363
1.4776
1.35681
1.24102
1.12995
1.02345
0.921715
0.825536
0.736129
0.654304
0.580098
0.513027
0.452444
0.397681
0.348182
0.303545
0.26343
0.22754
0.195559
0.167081
0.14164
0.118837
0.0984024
0.0801577
0.0639322
0.0495584
0.0367813
0.0253522
0.0148057
0.00482761
0.480797
1.4572
2.47475
3.55027
4.68183
5.83809
6.95194
7.92937
8.68247
9.16939
9.39935
9.40734
9.23877
8.9383
8.53979
8.06888
7.547
6.99316
6.43082
5.8864
5.37791
4.91072
4.48363
4.09405
3.73885
3.41625
3.12605
2.868
2.64151
2.44443
2.27102
2.11318
1.96462
1.82232
1.68506
1.55276
1.42575
1.3038
1.18651
1.07367
0.965381
0.862698
0.767453
0.680813
0.602706
0.532397
0.469047
0.411828
0.360098
0.313459
0.271577
0.234174
0.200958
0.171471
0.145143
0.121508
0.100302
0.0813889
0.0646214
0.0498616
0.0368412
0.0253132
0.0147401
0.00478322
0.497122
1.51086
2.57969
3.7296
4.96545
6.25538
7.51781
8.62834
9.46691
9.98313
10.1999
10.1667
9.94215
9.58216
9.12358
8.59226
8.00971
7.39306
6.76866
6.17093
5.62158
5.12314
4.67085
4.26024
3.88641
3.54695
3.24232
2.97261
2.73793
2.53686
2.36227
2.20309
2.0514
1.90451
1.76164
1.62327
1.49036
1.36262
1.23945
1.12053
1.00569
0.896314
0.795185
0.70396
0.622313
0.549124
0.483343
0.42394
0.37018
0.321712
0.278213
0.23944
0.205159
0.174857
0.1478
0.123436
0.10153
0.0820119
0.0647666
0.0496986
0.0365245
0.0250034
0.014512
0.00468058
0.50816
1.54912
2.66087
3.88077
5.22387
6.66092
8.09485
9.36105
10.2933
10.8321
11.0245
10.9381
10.6468
10.2212
9.69905
9.10486
8.46024
7.77731
7.08543
6.43157
5.84255
5.31537
4.84002
4.41046
4.0194
3.66369
3.34525
3.06437
2.82219
2.61899
2.4459
2.28729
2.13325
1.98216
1.83382
1.68942
1.55093
1.41779
1.28907
1.16438
1.04295
0.926514
0.819366
0.723834
0.639065
0.563371
0.49551
0.434191
0.378574
0.328432
0.283446
0.243417
0.208239
0.17733
0.149709
0.1247
0.102144
0.0820697
0.0643974
0.0490892
0.0358459
0.0244345
0.0141306
0.00452316
0.513431
1.57039
2.71511
3.9987
5.45066
7.04942
8.6829
10.134
11.1686
11.7189
11.8734
11.72
11.3497
10.8531
10.2649
9.60595
8.89936
8.14668
7.38011
6.66679
6.04048
5.48799
4.99188
4.54579
4.13892
3.76728
3.43556
3.14375
2.89433
2.69101
2.52274
2.36682
2.21088
2.05582
1.90198
1.75139
1.60769
1.46961
1.33565
1.20561
1.07749
0.953392
0.839979
0.740516
0.653126
0.575304
0.505735
0.442764
0.385424
0.333747
0.287382
0.246174
0.210265
0.178989
0.150972
0.12538
0.1022
0.0816034
0.0635418
0.0480519
0.0348194
0.0236187
0.013606
0.00431537
0.512581
1.57335
2.73951
4.07818
5.6385
7.41408
9.28131
10.9554
12.1014
12.6451
12.746
12.5106
12.0468
11.4756
10.82
10.0945
9.32838
8.50265
7.65139
6.87452
6.21517
5.6419
5.12722
4.66745
4.24625
3.85843
3.51402
3.21127
2.9542
2.75295
2.59378
2.44288
2.28494
2.12601
1.96652
1.80929
1.66086
1.51834
1.37942
1.24465
1.10974
0.976985
0.856933
0.754086
0.664683
0.585087
0.514213
0.44985
0.390859
0.337782
0.29013
0.247768
0.211289
0.179933
0.151706
0.125554
0.10175
0.0806522
0.0622262
0.0466024
0.0334581
0.0225688
0.0129498
0.00406266
0.505403
1.5571
2.73164
4.11412
5.77917
7.74622
9.88845
11.8364
13.1022
13.611
13.6412
13.3079
12.7329
12.086
11.3635
10.5691
9.74941
8.84767
7.89734
7.05191
6.36665
5.77849
5.2467
4.77682
4.34285
3.93776
3.58152
3.26758
3.00137
2.80458
2.66021
2.5169
2.35594
2.19325
2.02784
1.86308
1.71064
1.56429
1.42053
1.28202
1.14018
0.997255
0.870037
0.764635
0.673965
0.592868
0.521149
0.455657
0.394992
0.340662
0.291804
0.248234
0.211344
0.180273
0.152037
0.125296
0.10084
0.0792532
0.0604752
0.0447537
0.0317736
0.0212987
0.0121747
0.00377153
0.491864
1.52122
2.68971
4.10179
5.86375
8.03489
10.5011
12.7918
14.1845
14.6137
14.5574
14.1104
13.4008
12.6823
11.8951
11.0272
10.1656
9.18564
8.11519
7.19506
6.49544
5.89979
5.35073
4.87547
4.43045
4.00553
3.63908
3.31353
3.03499
2.84528
2.72357
2.59059
2.42413
2.25799
2.08636
1.91247
1.75725
1.60781
1.45897
1.31832
1.16947
1.01405
0.878962
0.772291
0.681261
0.59876
0.526758
0.460412
0.397903
0.342515
0.292534
0.247579
0.210437
0.180133
0.152113
0.124668
0.0995049
0.0774425
0.0583116
0.0425154
0.0297762
0.0198237
0.0112953
0.00344951
0.472118
1.46585
2.61278
4.03711
5.88273
8.26633
11.1136
13.8411
15.3651
15.6459
15.4927
14.9175
14.0408
13.263
12.4156
11.4642
10.5815
9.52252
8.30079
7.29861
6.60289
6.00873
5.43905
4.96522
4.51118
4.06151
3.68793
3.35037
3.05372
2.87392
2.78587
2.66612
2.48929
2.32073
2.14268
1.95689
1.80093
1.64934
1.4945
1.35427
1.19848
1.02703
0.883202
0.777251
0.686954
0.602808
0.531273
0.46438
0.399615
0.343472
0.292474
0.245776
0.20854
0.179654
0.152106
0.12372
0.0977721
0.0752568
0.0557572
0.0398932
0.027474
0.018162
0.0103277
0.00310494
0.4465
1.39169
2.50083
3.91703
5.82647
8.42356
11.7158
15.0109
16.666
16.6931
16.4453
15.731
14.6392
13.8278
12.9278
11.8726
11.0035
9.86717
8.44791
7.35526
6.69158
6.10954
5.51025
5.04832
4.58777
4.10451
3.72968
3.37994
3.05547
2.88861
2.84982
2.74624
2.55045
2.38205
2.19759
1.99524
1.84211
1.6895
1.52645
1.3908
1.22839
1.03564
0.882021
0.779832
0.691551
0.604937
0.534955
0.467881
0.400065
0.343681
0.291823
0.242749
0.205574
0.179012
0.152222
0.122471
0.095655
0.0727364
0.0528326
0.036888
0.0248727
0.0163344
0.00929055
0.00274679
0.41552
1.30001
2.35492
3.73987
5.6857
8.48602
12.2913
16.337
18.1158
17.7292
17.4153
16.5566
15.176
14.3791
13.4372
12.2396
11.4409
10.2325
8.5473
7.35519
6.76609
6.20811
5.56097
5.12761
4.66389
4.13192
3.76642
3.40502
3.03721
2.88648
2.91917
2.83452
2.60548
2.44272
2.25237
2.0257
1.88142
1.72923
1.55355
1.42912
1.26082
1.03893
0.87439
0.780544
0.69574
0.604871
0.538115
0.471322
0.399055
0.343314
0.290849
0.238355
0.2014
0.178427
0.152717
0.1209
0.0931538
0.0699299
0.0495574
0.0334953
0.0219748
0.0143668
0.00820465
0.00238429
0.379832
1.19262
2.17722
3.50562
5.45227
8.42958
12.8138
17.8672
19.7525
18.7117
18.4059
17.4064
15.6217
14.9231
13.9539
12.5444
11.9065
10.637
8.58533
7.2854
6.83373
6.31268
5.58475
5.20695
4.74457
4.13889
3.80108
3.42974
2.99465
2.86323
2.99906
2.93564
2.65044
2.50393
2.30895
2.0453
1.91993
1.76994
1.57353
1.47085
1.29802
1.03544
0.858921
0.780182
0.700452
0.602019
0.541149
0.475245
0.396181
0.342589
0.289921
0.23236
0.195797
0.178183
0.153905
0.118918
0.0902567
0.0669001
0.0459496
0.0297039
0.0187791
0.0122907
0.0070932
0.00202655
0.340202
1.07174
1.97091
3.21628
5.12006
8.22686
13.2427
19.6655
21.6271
19.5734
19.4264
18.3021
15.9332
15.4719
14.4946
12.7544
12.4185
11.1066
8.54221
7.12897
6.90575
6.43455
5.57047
5.29176
4.83687
4.11724
3.83777
3.46013
2.92185
2.81274
3.09652
3.05578
2.67876
2.56759
2.37031
2.04942
1.95936
1.81378
1.58272
1.51818
1.34309
1.02302
0.833793
0.779942
0.706941
0.595319
0.54459
0.480388
0.390744
0.341803
0.289551
0.22441
0.188439
0.178653
0.156183
0.116346
0.086944
0.0637316
0.0420242
0.025495
0.0152795
0.0101455
0.00598153
0.00168207
0.297469
0.93993
1.74012
2.87596
4.68604
7.84844
13.5168
21.8165
23.8078
20.2132
20.4969
19.279
16.0466
16.0466
15.0853
12.8193
13.0026
11.6766
8.38969
6.86433
6.9986
6.58908
5.50022
5.3899
4.95074
4.05397
3.88236
3.50471
2.81075
2.72647
3.2211
3.20319
2.68015
2.63679
2.44095
2.03105
2.00243
1.86396
1.57542
1.57414
1.4002
0.99849
0.796677
0.781566
0.716884
0.583024
0.549192
0.487766
0.38161
0.34138
0.290442
0.213991
0.178877
0.180328
0.160051
0.112867
0.0831967
0.0605394
0.0377906
0.0208407
0.011464
0.0079807
0.00489646
0.00135834
0.252502
0.799925
1.48972
2.49093
4.15143
7.26503
13.5463
24.4311
26.3871
20.482
21.6532
20.3912
15.8693
16.6812
15.7656
12.6649
13.6945
12.3952
8.08808
6.46453
7.13546
6.79692
5.34653
5.51282
5.10008
3.92935
3.94321
3.57532
2.65059
2.59279
3.38555
3.3888
2.63906
2.71645
2.52742
1.97977
2.05333
1.92523
1.54303
1.64292
1.47495
0.957363
0.744681
0.787502
0.732513
0.56242
0.556039
0.498777
0.367048
0.341928
0.29355
0.200375
0.166505
0.183848
0.166138
0.107983
0.0790117
0.0574792
0.0332479
0.0157043
0.00731342
0.00585933
0.00386521
0.00106127
0.206157
0.654526
1.22508
2.06945
3.5227
6.45104
13.2022
27.6533
29.4891
20.167
22.9557
21.7184
15.2684
17.4277
16.5928
12.1833
14.5444
13.3255
7.5827
5.89671
7.34795
7.08556
5.06885
5.67717
5.30417
3.71441
4.03226
3.68785
2.42735
2.39619
3.60664
3.62719
2.5329
2.81417
2.6391
1.88052
2.11831
2.00437
1.47308
1.73036
1.57469
0.893386
0.674304
0.801088
0.756769
0.529479
0.566708
0.515326
0.344503
0.344339
0.300143
0.182561
0.150539
0.190046
0.175238
0.100941
0.0744257
0.0547571
0.0283785
0.0100393
0.00279905
0.00386129
0.00291364
0.000794887
0.159243
0.506448
0.95175
1.62141
2.8124
5.39002
12.304
31.6673
33.2804
18.9704
24.4989
23.373
14.0574
18.3629
17.6481
11.2222
15.6219
14.5495
6.79949
5.12178
7.67784
7.49127
4.60924
5.9069
5.5893
3.36784
4.16638
3.8632
2.12299
2.11639
3.90603
3.93756
2.32968
2.94136
2.78904
1.71194
2.20646
2.1109
1.34788
1.8445
1.70894
0.798035
0.581437
0.82673
0.793495
0.478418
0.583468
0.539983
0.310324
0.349907
0.311873
0.1592
0.129986
0.199987
0.188345
0.0906651
0.0695494
0.0526384
0.0231393
0.00379129
-0.00211955
0.0020883
0.00206377
0.000561118
0.112492
0.358215
0.675191
1.15772
2.03941
4.08225
10.6033
36.7057
37.9823
16.4849
26.4245
25.5088
11.9784
19.5966
19.0434
9.57128
17.0221
16.1715
5.64001
4.09451
8.17873
8.06148
3.88716
6.23578
5.99067
2.83224
4.36913
4.12802
1.71474
1.72739
4.31118
4.34521
1.98529
3.11463
2.99494
1.44448
2.33065
2.25789
1.143
1.9964
1.88973
0.659913
0.461406
0.870081
0.847671
0.401182
0.609543
0.576148
0.259433
0.360485
0.330839
0.128513
0.103629
0.215011
0.206702
0.0756511
0.0646148
0.0514539
0.0174505
-0.00309914
-0.00749823
0.000669501
0.00133069
0.000359992
0.0665403
0.212061
0.400482
0.689646
1.22843
2.55481
7.76647
43.0586
43.8866
12.1646
28.937
28.3311
8.68284
21.2816
20.929
6.94632
18.8744
18.3211
3.97569
2.76412
8.91746
8.85756
2.79338
6.71062
6.5546
2.0298
4.67292
4.51555
1.17436
1.19645
4.85625
4.88302
1.44025
3.35756
3.28029
1.03807
2.50869
2.46289
0.825384
2.20102
2.13204
0.46407
0.309088
0.938188
0.925697
0.286833
0.649426
0.628247
0.184934
0.378683
0.35965
0.0881941
0.0700003
0.236777
0.231847
0.0538624
0.0600362
0.0516026
0.0111818
-0.0106916
-0.0134128
-0.000231827
0.000718587
0.000190394
0.0219168
0.0698774
0.132087
0.227932
0.4084
0.874538
3.35313
51.0821
51.3728
5.2917
32.3221
32.1065
3.70839
23.625
23.5027
2.97134
21.3512
21.1563
1.64166
1.07555
9.97513
9.95827
1.18316
7.39498
7.34085
0.857217
5.12176
5.06613
0.467477
0.483071
5.58287
5.59346
0.616009
3.70261
3.67555
0.439538
2.76467
2.74891
0.35131
2.47835
2.45415
0.191252
0.119102
1.03959
1.03572
0.120859
0.709261
0.701929
0.0776663
0.408116
0.401467
0.0353148
0.0273837
0.267295
0.265675
0.0226021
0.0564875
0.0535472
0.00413681
-0.0190384
-0.019965
-0.000410436
0.000216228
5.16829e-05
)
;

boundaryField
{
    left
    {
        type            calculated;
        value           uniform 0;
    }
    right
    {
        type            calculated;
        value           uniform 0;
    }
    interface
    {
        type            calculated;
        value           nonuniform List<scalar> 
64
(
0.0219168
0.0698774
0.132087
0.227932
0.4084
0.874538
3.35313
51.0821
51.3728
5.2917
32.3221
32.1065
3.70839
23.625
23.5027
2.97134
21.3512
21.1563
1.64166
1.07555
9.97513
9.95827
1.18316
7.39498
7.34085
0.857217
5.12176
5.06613
0.467477
0.483071
5.58287
5.59346
0.616009
3.70261
3.67555
0.439538
2.76467
2.74891
0.35131
2.47835
2.45415
0.191252
0.119102
1.03959
1.03572
0.120859
0.709261
0.701929
0.0776663
0.408116
0.401467
0.0353148
0.0273837
0.267295
0.265675
0.0226021
0.0564875
0.0535472
0.00413681
-0.0190384
-0.019965
-0.000410436
0.000216228
5.16829e-05
)
;
    }
    bottom
    {
        type            calculated;
        value           nonuniform List<scalar> 
64
(
0.0222163
0.0664021
0.109825
0.151907
0.191991
0.229349
0.263219
0.292873
0.317687
0.337211
0.351215
0.359705
0.362911
0.361254
0.355293
0.345681
0.333113
0.318286
0.301864
0.284455
0.26659
0.248714
0.231183
0.214266
0.198155
0.182974
0.168792
0.155629
0.143466
0.132258
0.121937
0.112422
0.10363
0.0954765
0.0878875
0.0807979
0.0741544
0.0679154
0.06205
0.0565366
0.0513606
0.0465125
0.0419859
0.0377752
0.0338739
0.0302739
0.0269649
0.0239344
0.0211681
0.0186505
0.0163654
0.014296
0.0124255
0.010737
0.00921408
0.0078405
0.00660048
0.00547856
0.00445949
0.00352802
0.00266874
0.00186594
0.00110355
0.000365214
)
;
    }
    defaultFaces
    {
        type            empty;
    }
}


// ************************************************************************* //
