/*--------------------------------*- C++ -*----------------------------------*\
| =========                 |                                                 |
| \\      /  F ield         | OpenFOAM: The Open Source CFD Toolbox           |
|  \\    /   O peration     | Version:  5.x                                   |
|   \\  /    A nd           | Web:      www.OpenFOAM.org                      |
|    \\/     M anipulation  |                                                 |
\*---------------------------------------------------------------------------*/
FoamFile
{
    version     2.0;
    format      ascii;
    class       volScalarField;
    location    "4.5";
    object      gradTx;
}
// * * * * * * * * * * * * * * * * * * * * * * * * * * * * * * * * * * * * * //

dimensions      [0 -1 0 1 0 0 0];

internalField   nonuniform List<scalar> 
2048
(
0.0216339
0.064656
0.106917
0.147843
0.186784
0.223017
0.255793
0.284394
0.308209
0.326798
0.33994
0.347646
0.35015
0.347872
0.341371
0.331294
0.318328
0.303164
0.286456
0.268803
0.25073
0.232673
0.214984
0.19793
0.181703
0.166428
0.152177
0.138977
0.126816
0.115658
0.105445
0.096107
0.0875675
0.0797511
0.0725863
0.066009
0.0599634
0.0544024
0.0492867
0.0445839
0.0402672
0.0363139
0.0327036
0.0294175
0.0264367
0.0237416
0.0213115
0.019125
0.0171597
0.0153928
0.0138013
0.0123625
0.0110539
0.00985431
0.0087434
0.00770279
0.00671609
0.00576925
0.0048507
0.00395132
0.00306427
0.00218475
0.00130949
0.000436301
0.0641587
0.191769
0.31718
0.438708
0.554423
0.662158
0.759646
0.844706
0.915473
0.970611
1.00945
1.03204
1.03909
1.0319
1.01214
0.981783
0.942884
0.897511
0.847623
0.795005
0.741211
0.687541
0.635027
0.584453
0.536376
0.491161
0.44901
0.409993
0.374074
0.341136
0.311002
0.283458
0.258276
0.235227
0.214099
0.194701
0.176868
0.16046
0.145364
0.131483
0.118741
0.10707
0.0964129
0.086714
0.077918
0.0699674
0.0628013
0.0563558
0.0505647
0.0453603
0.0406743
0.0364391
0.0325885
0.0290587
0.0257898
0.022727
0.0198216
0.017032
0.0143241
0.0116709
0.00905254
0.00645521
0.00386972
0.00128951
0.10536
0.314987
0.521184
0.721253
0.91202
1.08985
1.25087
1.39133
1.508
1.5986
1.66198
1.69825
1.70869
1.69551
1.66161
1.61029
1.54503
1.46928
1.38632
1.29909
1.21016
1.12165
1.03524
0.952187
0.873378
0.799379
0.730494
0.666817
0.608269
0.554636
0.505613
0.460833
0.419908
0.382455
0.348118
0.316584
0.287583
0.260891
0.236321
0.213723
0.192973
0.173967
0.156612
0.140823
0.126509
0.113579
0.101932
0.0914641
0.0820656
0.0736254
0.0660314
0.0591723
0.0529388
0.047226
0.041935
0.0369752
0.0322665
0.0277405
0.0233416
0.0190264
0.014763
0.01053
0.00631417
0.00210469
0.14552
0.435189
0.720503
0.997881
1.26293
1.51046
1.73483
1.9305
2.09267
2.21795
2.30472
2.3532
2.36535
2.34444
2.29472
2.22095
2.1281
2.02106
1.90441
1.78231
1.65831
1.53532
1.41563
1.30091
1.19232
1.09059
0.996074
0.908869
0.828826
0.755617
0.688783
0.62779
0.572075
0.521091
0.474341
0.431388
0.391863
0.355463
0.321939
0.29109
0.262754
0.236797
0.213098
0.191545
0.17202
0.154396
0.138537
0.124298
0.111527
0.10007
0.0897719
0.0804789
0.0720395
0.0643076
0.0571454
0.0504268
0.0440407
0.0378927
0.0319068
0.0260243
0.020203
0.0144152
0.00864689
0.00288334
0.184795
0.552888
0.916126
1.27021
1.60957
1.92733
2.2158
2.46727
2.6751
2.83459
2.94357
3.00251
3.0142
2.98323
2.91537
2.81699
2.69466
2.55478
2.40331
2.24561
2.08622
1.92883
1.77625
1.63052
1.49299
1.3645
1.24542
1.13581
1.03542
0.943782
0.860256
0.784114
0.7146
0.650993
0.592647
0.539006
0.489611
0.444085
0.402124
0.363488
0.327983
0.295452
0.265759
0.238769
0.21434
0.192314
0.172518
0.154768
0.138869
0.124625
0.111839
0.100315
0.0898579
0.0802823
0.0714103
0.0630801
0.0551493
0.0474983
0.0400315
0.0326771
0.0253842
0.0181203
0.0108736
0.00362738
0.223223
0.66825
1.10848
1.53916
1.95355
2.34292
2.69712
3.00582
3.26003
3.45348
3.58344
3.65075
3.65936
3.61543
3.52653
3.40083
3.24661
3.07186
2.88401
2.68963
2.49428
2.30236
2.11716
1.94097
1.7753
1.62099
1.47841
1.34751
1.22793
1.11903
1.01997
0.929774
0.847482
0.772178
0.703063
0.639469
0.580851
0.526773
0.476884
0.430911
0.388641
0.349904
0.314555
0.282448
0.25342
0.227285
0.203832
0.182836
0.16406
0.147265
0.132213
0.118666
0.106388
0.0951519
0.0847385
0.0749493
0.0656102
0.0565769
0.0477356
0.0390029
0.0303219
0.0216567
0.0130016
0.00433922
0.260727
0.781103
1.29749
1.80496
2.29573
2.75894
3.18147
3.54965
3.85153
4.07891
4.22846
4.3017
4.30409
4.24379
4.13044
3.97423
3.78529
3.57328
3.34715
3.11477
2.8827
2.65601
2.4384
2.2323
2.03926
1.86008
1.69503
1.54397
1.40639
1.28143
1.16801
1.06489
0.970865
0.884796
0.805736
0.732911
0.665706
0.603633
0.546307
0.493431
0.444781
0.400187
0.359505
0.32259
0.289263
0.259309
0.232479
0.208503
0.187101
0.167994
0.1509
0.135543
0.121646
0.108936
0.0971542
0.0860614
0.0754519
0.0651565
0.0550449
0.0450243
0.0350342
0.0250378
0.0150389
0.00502156
0.29712
0.890953
1.48253
2.06722
2.63628
3.17645
3.67093
4.10177
4.45319
4.71462
4.88219
4.95846
4.95096
4.87034
4.72869
4.5384
4.31157
4.05962
3.79307
3.52118
3.25153
2.98983
2.74002
2.5046
2.28499
2.08188
1.89543
1.72534
1.57094
1.43115
1.30459
1.18972
1.08501
0.989107
0.90091
0.819555
0.744373
0.674841
0.610547
0.551178
0.496508
0.44638
0.400671
0.359243
0.321909
0.288423
0.258494
0.231804
0.208027
0.186843
0.167931
0.150977
0.135663
0.12167
0.108694
0.096454
0.0847109
0.0732715
0.0619902
0.0507673
0.0395417
0.0282782
0.016994
0.00567724
0.332109
0.996998
1.66253
2.32492
2.97472
3.59592
4.16714
4.66488
5.06836
5.36406
5.54773
5.62356
5.6019
5.49649
5.32229
5.09408
4.82597
4.53117
4.22187
3.90883
3.60073
3.3038
3.02211
2.758
2.51268
2.28663
2.07983
1.89185
1.72184
1.56848
1.43005
1.30461
1.19027
1.08545
0.988902
0.899686
0.817107
0.740622
0.669803
0.604324
0.543966
0.488602
0.438146
0.392486
0.351428
0.314693
0.28194
0.252798
0.226893
0.203863
0.183353
0.165012
0.148482
0.133399
0.119404
0.106173
0.0934304
0.0809609
0.0686055
0.0562601
0.0438662
0.0313928
0.0188758
0.00630902
0.365305
1.09815
1.83593
2.57646
3.30992
4.01726
4.67138
5.24148
5.70022
6.03043
6.22778
6.29901
6.25824
6.1231
5.91178
5.64161
5.32868
4.98796
4.63344
4.27756
3.93015
3.5979
3.28476
2.99274
2.72264
2.47465
2.24857
2.04383
1.85942
1.69378
1.54478
1.40998
1.2871
1.17425
1.07009
0.973634
0.884201
0.801241
0.724313
0.65308
0.587334
0.526995
0.472045
0.422415
0.377909
0.338205
0.302901
0.271566
0.243773
0.219121
0.197224
0.177702
0.160157
0.144175
0.129337
0.115269
0.101658
0.0882669
0.0749268
0.0615322
0.0480298
0.0343967
0.0206923
0.00691941
0.396234
1.19305
2.00073
2.81963
3.64011
4.43987
5.18466
5.83406
6.35198
6.71679
6.92474
6.98636
6.9208
6.75049
6.49728
6.18102
5.81969
5.4299
5.02754
4.62704
4.23956
3.87208
3.52813
3.20911
2.91526
2.64636
2.40205
2.18165
1.98405
1.80746
1.64924
1.50636
1.37598
1.25597
1.14488
1.04176
0.945972
0.856984
0.774336
0.697677
0.626809
0.561719
0.502496
0.449143
0.401459
0.359063
0.32148
0.288204
0.258754
0.232693
0.209612
0.189106
0.170745
0.154056
0.138553
0.123797
0.109443
0.0952335
0.0809913
0.0666136
0.052055
0.037304
0.0224508
0.00751044
0.424354
1.28012
2.15452
3.05164
3.96289
4.86259
5.70775
6.4452
7.02703
7.4262
7.64073
7.68668
7.58982
7.3785
7.07851
6.71211
6.29886
5.85678
5.40379
4.95685
4.5287
4.12633
3.75245
3.40753
3.09102
2.80227
2.54073
2.30574
2.09614
1.90995
1.74397
1.59429
1.45747
1.3311
1.2137
1.10443
1.00275
0.90815
0.820152
0.738371
0.662607
0.592943
0.529633
0.472787
0.422191
0.377384
0.337791
0.302821
0.271934
0.244664
0.220587
0.199286
0.180305
0.163106
0.147113
0.131818
0.116839
0.101905
0.0868357
0.0715339
0.0559633
0.040128
0.0241571
0.00808345
0.449072
1.35763
2.29455
3.26914
4.27512
5.28371
6.24127
7.07775
7.72906
8.1617
8.37754
8.40054
8.265
8.00648
7.65487
7.23447
6.76602
6.26838
5.76172
5.26644
4.79724
4.36066
3.95801
3.58849
3.25054
2.94295
2.66516
2.41656
2.19611
2.00173
1.82951
1.67442
1.53218
1.40018
1.27702
1.16202
1.05486
0.955042
0.862045
0.775427
0.694956
0.62084
0.553587
0.493465
0.440228
0.393292
0.351961
0.315538
0.283421
0.255126
0.230225
0.208305
0.188897
0.171388
0.155083
0.13939
0.123897
0.108325
0.0924957
0.0763221
0.0597758
0.0428798
0.0258148
0.00863883
0.469778
1.42373
2.41781
3.46826
4.57295
5.70084
6.78572
7.73502
8.46223
8.92636
9.13668
9.12803
8.94544
8.63333
8.22549
7.74758
7.22101
6.66454
6.10081
5.55513
5.04482
4.57517
4.14522
3.75262
3.3945
3.06906
2.77591
2.51458
2.28434
2.08324
1.90649
1.74742
1.60073
1.46375
1.33525
1.21489
1.10261
0.99796
0.900307
0.809128
0.724097
0.645579
0.574479
0.511294
0.455697
0.40692
0.364124
0.326481
0.293325
0.264171
0.238598
0.21622
0.196577
0.178967
0.162532
0.146576
0.130668
0.114534
0.0980046
0.0810063
0.0635127
0.0455686
0.027425
0.00917573
0.485872
1.47657
2.52109
3.64465
4.85177
6.11086
7.34142
8.42098
9.23138
9.72321
9.91926
9.8687
9.62964
9.25754
8.78928
8.25086
7.66386
7.04526
6.4204
5.82207
5.27107
4.77003
4.3146
3.90067
3.52372
3.18132
2.87359
2.60029
2.36118
2.15489
1.97553
1.81403
1.66379
1.52235
1.38885
1.26336
1.14631
1.0372
0.935226
0.839768
0.750281
0.66732
0.592413
0.526384
0.468726
0.418407
0.374423
0.335787
0.301762
0.271896
0.245781
0.223081
0.203396
0.185912
0.169533
0.153434
0.137201
0.120572
0.103393
0.0856134
0.0671939
0.0482013
0.0289851
0.00969174
0.4968
1.51436
2.60116
3.79359
5.10611
6.50971
7.90853
9.1406
10.0422
10.5552
10.7259
10.6216
10.3154
9.8772
9.34503
8.74364
8.09482
7.41084
6.71976
6.06616
5.47563
4.94561
4.46678
4.03352
3.63914
3.28048
2.95887
2.67418
2.42692
2.21705
2.03733
1.87508
1.72201
1.57651
1.43821
1.30773
1.18623
1.07303
0.967081
0.86766
0.773781
0.686208
0.607466
0.538835
0.479452
0.427895
0.383009
0.343597
0.308847
0.278396
0.251842
0.228931
0.209397
0.192292
0.176163
0.160025
0.143542
0.126474
0.108687
0.0901698
0.0708401
0.0507815
0.0304883
0.0101825
0.50209
1.53553
2.65489
3.91004
5.32964
6.89215
8.48691
9.90021
10.9017
11.4248
11.5568
11.3852
10.9997
10.4901
9.89145
9.22513
8.51455
7.76197
6.99794
6.28595
5.65816
5.10246
4.60245
4.15217
3.74179
3.36731
3.03244
2.73676
2.4817
2.26998
2.09267
1.93147
1.77606
1.62676
1.48373
1.34822
1.2226
1.10574
0.996134
0.893137
0.794891
0.702362
0.619675
0.548743
0.488018
0.435526
0.390036
0.350057
0.314694
0.28377
0.25685
0.233795
0.21461
0.198183
0.182505
0.166403
0.149732
0.132271
0.113905
0.094702
0.0744744
0.0533094
0.0319218
0.0106412
0.501388
1.53877
2.67941
3.9889
5.51513
7.25149
9.07589
10.708
11.8182
12.3336
12.4115
12.1577
11.6786
11.0938
10.4274
9.69434
8.92425
8.10003
7.25367
6.47949
5.81847
5.24144
4.72237
4.25775
3.83287
3.44252
3.09505
2.78858
2.52553
2.3138
2.14241
1.98426
1.82655
1.67357
1.52577
1.38498
1.25567
1.13558
1.02261
0.916563
0.813951
0.715865
0.629028
0.556201
0.494582
0.44144
0.395667
0.355322
0.319407
0.288118
0.260876
0.237681
0.219051
0.203669
0.188655
0.172614
0.155807
0.137991
0.11906
0.0992375
0.0781245
0.0557809
0.0332659
0.0110582
0.494488
1.52319
2.67232
4.02513
5.65451
7.57921
9.67388
11.5749
12.8021
13.2819
13.2888
12.9371
12.347
11.6859
10.9519
10.1497
9.32583
8.42731
7.48518
6.64411
5.9566
5.36388
4.8272
4.35154
3.91373
3.50669
3.14753
2.83028
2.55817
2.34842
2.18759
2.03468
1.87397
1.71741
1.56471
1.41807
1.28562
1.16283
1.04669
0.938346
0.83136
0.726746
0.63544
0.561307
0.499328
0.445764
0.400071
0.359557
0.323079
0.291544
0.263995
0.240572
0.222712
0.208848
0.194723
0.178692
0.161798
0.143659
0.124151
0.103807
0.0818266
0.0581862
0.0344913
0.01142
0.481353
1.48838
2.63185
4.01405
5.73896
7.86449
10.2777
12.5154
13.8667
14.2669
14.1869
13.7219
12.9979
12.2642
11.4648
10.5888
9.72219
8.74751
7.68987
6.77616
6.07302
5.4717
4.91738
4.43497
3.98598
3.56016
3.19079
2.86271
2.57908
2.37344
2.22949
2.08418
1.91864
1.7587
1.60096
1.44736
1.31266
1.1878
1.06842
0.958954
0.847619
0.734951
0.638734
0.564181
0.502475
0.448598
0.403427
0.362939
0.325773
0.294161
0.266296
0.242417
0.225553
0.213845
0.200842
0.184648
0.167734
0.149302
0.129156
0.108445
0.0856305
0.0605072
0.0355577
0.0117093
0.462128
1.43444
2.55705
3.95165
5.75913
8.09381
10.8817
13.5487
15.0284
15.2815
15.1041
14.5115
13.6218
12.8271
11.9668
11.0073
10.1176
9.06626
7.86386
6.87059
6.16897
5.56771
4.99275
4.50972
4.05157
3.60275
3.22591
2.88701
2.58728
2.38804
2.26977
2.13459
1.96052
1.79786
1.635
1.47252
1.33704
1.21085
1.08771
0.978944
0.86337
0.740312
0.638609
0.564988
0.504302
0.449991
0.405929
0.365672
0.32751
0.296097
0.267894
0.243121
0.22749
0.218819
0.207177
0.190452
0.17364
0.154955
0.134027
0.113197
0.0896062
0.0627141
0.0364104
0.0119039
0.437139
1.36207
2.4479
3.83491
5.70552
8.25044
11.476
14.701
16.309
16.3111
16.0385
15.3077
14.2053
13.3745
12.4606
11.3979
10.518
9.39197
8.00132
6.92058
6.24686
5.6559
5.05211
4.57777
4.11301
3.63354
3.25427
2.90484
2.58124
2.39082
2.31063
2.18817
1.99899
1.83534
1.6675
1.49285
1.35907
1.23248
1.10417
0.999004
0.879468
0.742488
0.634607
0.563972
0.505168
0.449907
0.407795
0.367995
0.328238
0.297506
0.268948
0.24253
0.228381
0.223986
0.213939
0.196015
0.179547
0.160666
0.138672
0.118122
0.0938537
0.0647589
0.0369784
0.0119772
0.40688
1.27252
2.30542
3.66214
5.56899
8.31415
12.0445
16.0074
17.7366
17.3306
16.99
16.1161
14.729
13.9084
12.9517
11.7482
10.9321
9.73691
8.0936
6.91693
6.31088
5.74185
5.09252
4.64163
4.17364
3.65032
3.27761
2.91863
2.55863
2.37954
2.35506
2.24785
2.03256
1.87171
1.69944
1.50713
1.37923
1.25337
1.11699
1.02
0.89707
0.74089
0.626071
0.561505
0.505548
0.448165
0.409288
0.370212
0.327794
0.298577
0.269686
0.240414
0.228001
0.229641
0.221403
0.20115
0.185501
0.166518
0.142931
0.1233
0.0985154
0.0665661
0.0371723
0.0118984
0.371992
1.16754
2.13173
3.43333
5.34149
8.26118
12.5611
17.5149
19.3487
18.2978
17.9616
16.9485
15.1642
14.4348
13.4498
12.0385
11.3719
10.1186
8.1279
6.84747
6.36784
5.83335
5.10823
4.70469
4.23802
3.64896
3.29835
2.93195
2.5161
2.35089
2.40711
2.31742
2.05838
1.90781
1.73231
1.51334
1.39828
1.27458
1.12469
1.04309
0.917748
0.73458
0.612099
0.558151
0.506078
0.44436
0.410739
0.372718
0.325844
0.299564
0.270436
0.236441
0.226014
0.236192
0.229931
0.205528
0.191581
0.172641
0.146547
0.128846
0.103791
0.0680192
0.0368837
0.0116339
0.333225
1.04931
1.92995
3.15041
5.01699
8.0646
12.986
19.2864
21.1953
19.1472
18.9623
17.826
15.4689
14.9651
13.9712
12.2373
11.8544
10.5616
8.08562
6.69638
6.42811
5.94101
5.08925
4.77168
4.31254
3.62245
3.31986
2.94992
2.44893
2.30008
2.47232
2.40185
2.0716
1.94498
1.76834
1.5083
1.41741
1.29762
1.12484
1.06979
0.943637
0.722131
0.591493
0.554746
0.507605
0.43775
0.412592
0.376051
0.321802
0.300809
0.271669
0.23015
0.221935
0.244193
0.240005
0.20861
0.197923
0.17925
0.149118
0.134928
0.109959
0.0689406
0.0359867
0.01115
0.291401
0.92033
1.70412
2.81741
4.59248
7.69545
13.2591
21.405
23.3437
19.7794
20.0112
18.7833
15.5811
15.5197
14.5413
12.2969
12.4039
11.0995
7.94012
6.44352
6.50691
6.07922
5.01947
4.84942
4.40614
3.55964
3.34695
2.97978
2.35065
2.22046
2.55815
2.50772
2.06455
1.98536
1.81086
1.48713
1.43849
1.32479
1.1136
1.10219
0.977616
0.701441
0.56271
0.552496
0.511261
0.427108
0.415465
0.380951
0.314721
0.302787
0.274044
0.220914
0.21509
0.254402
0.252271
0.209555
0.204761
0.186674
0.150038
0.141787
0.117399
0.0690648
0.0343435
0.010417
0.247373
0.783299
1.45902
2.44047
4.06913
7.12489
13.2918
23.9798
25.8847
20.0483
21.1432
19.8732
15.4107
16.1311
15.1985
12.146
13.0541
11.778
7.65397
6.06381
6.62569
6.26728
4.87408
4.94793
4.5313
3.44355
3.38651
3.0315
2.21256
2.10295
2.67455
2.64369
2.02564
2.0324
1.86472
1.44256
1.46441
1.35939
1.08519
1.14319
1.02351
0.669505
0.523824
0.553088
0.518552
0.41052
0.420235
0.388439
0.30315
0.306165
0.278473
0.2079
0.204553
0.267828
0.26759
0.207106
0.212475
0.195409
0.148408
0.149776
0.12662
0.0680023
0.0318147
0.00941413
0.201983
0.640958
1.19991
2.0277
3.45329
6.32776
12.9577
27.1521
28.9405
19.745
22.417
21.1735
14.8287
16.8494
15.9983
11.6814
13.8525
12.6571
7.17549
5.52671
6.81369
6.53078
4.61645
5.08179
4.70526
3.2492
3.44844
3.11848
2.02317
1.93551
2.83456
2.82119
1.93792
2.09149
1.93681
1.36404
1.49946
1.40616
1.03116
1.19676
1.08635
0.622124
0.472495
0.558813
0.531466
0.385138
0.428152
0.399926
0.284946
0.311877
0.286175
0.190019
0.189093
0.285801
0.287111
0.19944
0.221667
0.206178
0.142941
0.159402
0.138293
0.0651928
0.0282767
0.00813576
0.156027
0.495971
0.93224
1.5888
2.75725
5.28783
12.0789
31.1028
32.6747
18.5776
23.9245
22.7942
13.6536
17.7486
17.0193
10.7576
14.8649
13.8147
6.43456
4.79607
7.10954
6.90339
4.19417
5.27204
4.95144
2.94099
3.54678
3.25825
1.76757
1.70245
3.05505
3.05525
1.77739
2.17078
2.03666
1.2366
1.54988
1.47171
0.939532
1.26839
1.1726
0.553557
0.405966
0.57269
0.552613
0.346868
0.440991
0.417323
0.257047
0.321231
0.29875
0.165879
0.16709
0.310042
0.312358
0.183985
0.233246
0.220003
0.131822
0.171389
0.153289
0.059847
0.0236474
0.00659767
0.110225
0.350815
0.661374
1.1345
1.99957
4.00536
10.4114
36.0606
37.3049
16.1467
25.8041
24.8856
11.6352
18.9347
18.3698
9.17307
16.1816
15.3495
5.33787
3.8302
7.5628
7.42892
3.53432
5.54852
5.30109
2.46939
3.70129
3.47318
1.42677
1.38374
3.35732
3.36548
1.51089
2.28227
2.17717
1.03947
1.62456
1.5651
0.7937
1.36561
1.29045
0.456115
0.321097
0.598591
0.585387
0.289998
0.461231
0.443196
0.215193
0.336035
0.318238
0.13373
0.136468
0.34273
0.345337
0.157197
0.248545
0.238287
0.112554
0.186757
0.172713
0.0508759
0.0179219
0.00484175
0.0652015
0.207685
0.392295
0.675831
1.2045
2.50693
7.62731
42.3105
43.1176
11.9171
28.2552
27.6478
8.43462
20.555
20.1948
6.65604
17.9256
17.3848
3.76341
2.5826
8.23528
8.16398
2.53804
5.95273
5.79523
1.76719
3.93931
3.79114
0.97702
0.954293
3.76789
3.77731
1.09371
2.44308
2.37537
0.744459
1.73582
1.69841
0.571199
1.49857
1.45008
0.319702
0.214437
0.64133
0.634173
0.206768
0.492287
0.480917
0.153602
0.358762
0.34718
0.0914102
0.0946038
0.386579
0.388667
0.114302
0.269458
0.262908
0.081768
0.206915
0.197941
0.0368072
0.011219
0.00293759
0.0214765
0.0684358
0.129388
0.223369
0.400451
0.858201
3.29364
50.2021
50.4855
5.18489
31.5572
31.3412
3.6026
22.8101
22.6851
2.84659
20.2609
20.0706
1.5545
1.00325
9.20195
9.18092
1.07424
6.54122
6.48658
0.745189
4.29809
4.2459
0.389136
0.383284
4.31904
4.32338
0.46678
2.67696
2.65328
0.314103
1.90038
1.88751
0.242278
1.68089
1.6639
0.131302
0.0823571
0.706739
0.704584
0.0868729
0.53877
0.53485
0.0646033
0.392749
0.388662
0.0363014
0.0382446
0.444899
0.445731
0.0490005
0.298598
0.296321
0.035013
0.23378
0.23066
0.0156909
0.00383888
0.000978248
)
;

boundaryField
{
    left
    {
        type            calculated;
        value           uniform 0;
    }
    right
    {
        type            calculated;
        value           uniform 0;
    }
    interface
    {
        type            calculated;
        value           nonuniform List<scalar> 
64
(
0.0214765
0.0684358
0.129388
0.223369
0.400451
0.858201
3.29364
50.2021
50.4855
5.18489
31.5572
31.3412
3.6026
22.8101
22.6851
2.84659
20.2609
20.0706
1.5545
1.00325
9.20195
9.18092
1.07424
6.54122
6.48658
0.745189
4.29809
4.2459
0.389136
0.383284
4.31904
4.32338
0.46678
2.67696
2.65328
0.314103
1.90038
1.88751
0.242278
1.68089
1.6639
0.131302
0.0823571
0.706739
0.704584
0.0868729
0.53877
0.53485
0.0646033
0.392749
0.388662
0.0363014
0.0382446
0.444899
0.445731
0.0490005
0.298598
0.296321
0.035013
0.23378
0.23066
0.0156909
0.00383888
0.000978248
)
;
    }
    bottom
    {
        type            calculated;
        value           nonuniform List<scalar> 
64
(
0.0216339
0.064656
0.106917
0.147843
0.186784
0.223017
0.255793
0.284394
0.308209
0.326798
0.33994
0.347646
0.35015
0.347872
0.341371
0.331294
0.318328
0.303164
0.286456
0.268803
0.25073
0.232673
0.214984
0.19793
0.181703
0.166428
0.152177
0.138977
0.126816
0.115658
0.105445
0.096107
0.0875675
0.0797511
0.0725863
0.066009
0.0599634
0.0544024
0.0492867
0.0445839
0.0402672
0.0363139
0.0327036
0.0294175
0.0264367
0.0237416
0.0213115
0.019125
0.0171597
0.0153928
0.0138013
0.0123625
0.0110539
0.00985431
0.0087434
0.00770279
0.00671609
0.00576925
0.0048507
0.00395132
0.00306427
0.00218475
0.00130949
0.000436301
)
;
    }
    defaultFaces
    {
        type            empty;
    }
}


// ************************************************************************* //
