/*--------------------------------*- C++ -*----------------------------------*\
| =========                 |                                                 |
| \\      /  F ield         | OpenFOAM: The Open Source CFD Toolbox           |
|  \\    /   O peration     | Version:  5.x                                   |
|   \\  /    A nd           | Web:      www.OpenFOAM.org                      |
|    \\/     M anipulation  |                                                 |
\*---------------------------------------------------------------------------*/
FoamFile
{
    version     2.0;
    format      ascii;
    class       volScalarField;
    location    "8.9";
    object      gradTx;
}
// * * * * * * * * * * * * * * * * * * * * * * * * * * * * * * * * * * * * * //

dimensions      [0 -1 0 1 0 0 0];

internalField   nonuniform List<scalar> 
2048
(
0.0221953
0.0663388
0.109719
0.151759
0.191799
0.229113
0.262939
0.292548
0.317318
0.336798
0.350758
0.359205
0.362368
0.360667
0.354662
0.345006
0.332391
0.317515
0.301041
0.283575
0.265648
0.247703
0.230094
0.213092
0.196886
0.181601
0.167305
0.154017
0.141723
0.130374
0.119907
0.110244
0.101301
0.0929999
0.0852681
0.0780436
0.0712763
0.0649272
0.058968
0.0533786
0.0481461
0.0432619
0.03872
0.0345151
0.0306408
0.0270885
0.0238476
0.0209047
0.0182447
0.0158509
0.0137054
0.0117899
0.0100859
0.00857491
0.00723869
0.00605946
0.0050199
0.00410307
0.00329241
0.00257154
0.00192416
0.00133389
0.000784274
0.000258779
0.0658194
0.196747
0.325468
0.450292
0.569266
0.680203
0.780805
0.868854
0.942453
1.00023
1.0415
1.06628
1.07528
1.06979
1.0515
1.02238
0.984508
0.93998
0.890777
0.838705
0.78534
0.731997
0.67972
0.629297
0.581286
0.536044
0.493763
0.454496
0.418186
0.384693
0.353814
0.325314
0.298943
0.274462
0.251656
0.23034
0.210366
0.19162
0.174019
0.157507
0.142045
0.127611
0.114188
0.101763
0.0903162
0.0798237
0.0702535
0.0615663
0.0537165
0.0466544
0.0403269
0.0346796
0.0296573
0.0252053
0.0212698
0.017798
0.0147387
0.0120421
0.00965907
0.00754147
0.00564116
0.00390971
0.00229809
0.000758037
0.108073
0.32312
0.53473
0.740194
0.936303
1.11938
1.28552
1.43089
1.55221
1.64714
1.71449
1.75435
1.76798
1.75757
1.72605
1.67674
1.61314
1.53876
1.45689
1.37053
1.28229
1.1943
1.10828
1.02548
0.94678
0.872748
0.803665
0.739597
0.68043
0.625913
0.575694
0.529368
0.486512
0.446723
0.409641
0.374962
0.342445
0.311908
0.283218
0.256287
0.231061
0.207507
0.185604
0.165331
0.146661
0.129556
0.113963
0.099817
0.0870422
0.0755558
0.0652704
0.056096
0.047942
0.0407184
0.0343369
0.0287115
0.0237586
0.0193969
0.0155468
0.0121299
0.00906806
0.00628209
0.00369061
0.00121657
0.14924
0.446343
0.739091
1.02389
1.2963
1.55108
1.78252
1.98497
2.15357
2.28483
2.37708
2.43049
2.447
2.42989
2.38341
2.31236
2.22175
2.11653
2.00135
1.88041
1.75732
1.63504
1.51587
1.40149
1.29307
1.1913
1.09655
1.00884
0.927991
0.85361
0.785178
0.722099
0.663758
0.60958
0.559055
0.511765
0.467381
0.425658
0.386425
0.34957
0.31503
0.282769
0.252769
0.225011
0.199461
0.176069
0.154762
0.135448
0.11802
0.102364
0.0883557
0.0758711
0.0647844
0.0549713
0.0463104
0.0386833
0.0319756
0.0260765
0.0208777
0.0162724
0.0121542
0.00841477
0.00494043
0.00162742
0.189477
0.566933
0.939545
1.30301
1.6517
1.97867
2.27611
2.53623
2.75223
2.91932
3.03524
3.1004
3.11759
3.09137
3.02755
2.93255
2.81298
2.67533
2.52565
2.36935
2.21107
2.05454
1.9026
1.7573
1.61999
1.4915
1.37216
1.26197
1.16063
1.06759
0.982118
0.903405
0.830623
0.763005
0.699892
0.640751
0.585173
0.532862
0.483617
0.437313
0.393887
0.353312
0.315583
0.280686
0.24859
0.219232
0.192518
0.168329
0.146526
0.126958
0.109469
0.0938984
0.0800857
0.0678733
0.0571071
0.0476381
0.0393225
0.0320216
0.0256005
0.0199261
0.0148655
0.0102828
0.00603266
0.00198582
0.228821
0.685049
1.13652
1.57847
2.00412
2.40463
2.76972
3.08889
3.35301
3.55565
3.69397
3.76877
3.78395
3.74568
3.66157
3.53983
3.38883
3.21665
3.03083
2.83806
2.64397
2.45303
2.26857
2.09291
1.92753
1.77327
1.63043
1.49892
1.37831
1.26783
1.16654
1.07335
0.987205
0.907117
0.832275
0.762036
0.695926
0.633607
0.574859
0.519557
0.467648
0.419128
0.374013
0.33231
0.29399
0.25898
0.227165
0.198394
0.172494
0.149277
0.128552
0.110122
0.0937937
0.0793758
0.0666825
0.055535
0.0457618
0.0371986
0.0296855
0.0230656
0.0171814
0.0118711
0.00695809
0.00228878
0.267193
0.800516
1.32992
1.85051
2.35442
2.83069
3.26601
3.64651
3.96003
4.19817
4.3575
4.43944
4.44943
4.39564
4.28775
4.13602
3.95068
3.74152
3.51761
3.28697
3.05626
2.83067
2.6139
2.40842
2.21575
2.03667
1.87141
1.71976
1.5811
1.45446
1.33861
1.23215
1.13374
1.04216
0.956436
0.875838
0.799833
0.72806
0.660293
0.596414
0.536394
0.480267
0.428087
0.37989
0.335656
0.295303
0.258689
0.225628
0.195908
0.169305
0.145588
0.124526
0.105893
0.0894644
0.0750227
0.0623605
0.0512805
0.0415943
0.0331203
0.0256795
0.0190923
0.0131721
0.00771211
0.00253481
0.3044
0.912827
1.51913
2.11871
2.70278
3.25792
3.76712
4.21214
4.57694
4.85072
5.02943
5.11557
5.11665
5.04333
4.90775
4.7224
4.49948
4.25057
3.98635
3.71627
3.44806
3.18753
2.93865
2.70394
2.48479
2.28187
2.09527
1.92465
1.76921
1.62772
1.49861
1.38012
1.27056
1.16846
1.07269
0.982445
0.897153
0.816449
0.740113
0.668046
0.600255
0.536827
0.477874
0.423474
0.373626
0.328233
0.287119
0.250058
0.216795
0.187063
0.160596
0.137128
0.116399
0.098152
0.0821388
0.0681234
0.0558844
0.0452123
0.035906
0.0277675
0.020597
0.0141844
0.00829374
0.00272357
0.340145
1.02116
1.70304
2.38205
3.04868
3.68679
4.2747
4.78852
5.20714
5.51676
5.71293
5.79976
5.7876
5.69022
5.52265
5.29976
5.03578
4.74412
4.43719
4.12597
3.81933
3.52362
3.24294
2.97964
2.73489
2.50912
2.30228
2.11387
1.94292
1.78793
1.64692
1.51767
1.39809
1.28644
1.18143
1.0822
0.988191
0.899045
0.814558
0.734658
0.659398
0.588938
0.523473
0.463144
0.407969
0.357832
0.312516
0.271743
0.235208
0.202603
0.173623
0.14797
0.12535
0.105473
0.0880612
0.0728498
0.0595947
0.0480686
0.0380542
0.0293374
0.0217005
0.0149113
0.00870476
0.00285569
0.374032
1.12442
1.88006
2.63888
3.391
4.11722
4.79003
5.37818
5.85387
6.19957
6.41075
6.49407
6.46366
6.33723
6.13302
5.86848
5.55983
5.22226
4.87004
4.51591
4.16993
3.83894
3.5269
3.23579
2.96637
2.71878
2.49278
2.28776
2.10258
1.93547
1.78398
1.64531
1.51685
1.39657
1.28308
1.17549
1.07328
0.976148
0.883896
0.796484
0.714018
0.636753
0.565004
0.498998
0.438776
0.384191
0.334969
0.290768
0.251229
0.216
0.184738
0.157113
0.132801
0.111479
0.092836
0.0765793
0.0624442
0.0501892
0.0395847
0.0304035
0.0224131
0.0153596
0.00894914
0.0029325
0.405579
1.22122
2.04816
2.88695
3.72793
4.54856
5.31414
5.98365
6.52038
6.90226
7.12533
7.20007
7.14568
6.98469
6.73903
6.42864
6.07165
5.68491
5.28468
4.88578
4.49967
4.13347
3.79071
3.47272
3.17967
2.91129
2.6672
2.4467
2.24859
2.0708
1.91031
1.76358
1.62739
1.49939
1.3781
1.26271
1.15279
1.04808
0.948416
0.853781
0.76433
0.680441
0.602599
0.53115
0.466155
0.407418
0.354585
0.30724
0.26496
0.227346
0.194023
0.164634
0.138822
0.116234
0.0965207
0.079362
0.0644747
0.0516072
0.0405226
0.0309846
0.022748
0.0155384
0.00903248
0.00295593
0.434234
1.30996
2.2049
3.12344
4.057
4.97966
5.84783
6.60755
7.21011
7.62794
7.85883
7.91886
7.83392
7.63248
7.34041
6.98007
6.57114
6.1319
5.68073
5.23514
4.80825
4.40718
4.0346
3.69085
3.37528
3.08717
2.82601
2.59113
2.38133
2.19435
2.02647
1.87313
1.73033
1.59544
1.46697
1.34426
1.22705
1.11516
1.00842
0.906823
0.810564
0.720179
0.636391
0.559716
0.490224
0.427635
0.371492
0.321283
0.276514
0.236746
0.201576
0.170617
0.143491
0.119809
0.0991818
0.081256
0.0657341
0.0523607
0.0408971
0.0311022
0.0227212
0.0154589
0.00896167
0.00292836
0.459398
1.38887
2.34748
3.34495
4.37505
5.40876
6.3917
7.25276
7.9268
8.37968
8.61309
8.65105
8.52809
8.27996
7.93662
7.52241
7.05817
6.56302
6.05774
5.56345
5.09536
4.66012
4.2589
3.89073
3.55386
3.24703
2.96975
2.72149
2.50122
2.3066
2.13305
1.97462
1.82633
1.68531
1.55019
1.42055
1.29643
1.17771
1.06421
0.955898
0.852965
0.756142
0.66651
0.584815
0.51111
0.444977
0.385828
0.333031
0.286019
0.244317
0.207497
0.175155
0.146893
0.122285
0.100892
0.0823248
0.0662748
0.0524911
0.0407398
0.0307797
0.0223498
0.0151336
0.00874467
0.00285261
0.480449
1.45609
2.47285
3.54753
4.67818
5.83345
6.94627
7.92264
8.6747
9.16062
9.38963
9.39673
9.22731
8.92604
8.52679
8.05518
7.53263
6.97816
6.41515
5.86999
5.36062
4.89237
4.46406
4.07302
3.71613
3.39154
3.099
2.83824
2.6086
2.40799
2.23071
2.06881
1.91608
1.76958
1.62821
1.49196
1.36126
1.23606
1.11611
1.00131
0.891788
0.788503
0.693072
0.606562
0.528945
0.45959
0.397743
0.342633
0.29361
0.250179
0.211896
0.178344
0.149115
0.123745
0.10173
0.0826359
0.0661516
0.0520414
0.0400834
0.030041
0.0216514
0.0145759
0.00839039
0.00273192
0.496779
1.50973
2.57775
3.72679
4.96167
6.25055
7.51185
8.62125
9.4587
9.97385
10.1896
10.1555
9.93004
9.56922
9.10986
8.57782
7.99461
7.37735
6.75232
6.15386
5.60364
5.10415
4.6506
4.23851
3.86295
3.52144
3.21439
2.94182
2.7038
2.4989
2.32011
2.15651
2.00029
1.84885
1.7015
1.5588
1.42183
1.2905
1.1644
1.04337
0.927305
0.817422
0.716169
0.625061
0.543868
0.471626
0.407398
0.350245
0.299425
0.254455
0.214881
0.180276
0.150243
0.124275
0.101777
0.0822595
0.0654205
0.0510551
0.0389607
0.0289099
0.0206438
0.0137997
0.00790875
0.00256998
0.507826
1.54798
2.6589
3.87792
5.21999
6.65593
8.08863
9.35361
10.2846
10.8223
11.0137
10.9262
10.6341
10.2076
9.68462
9.0897
8.44443
7.76092
7.06846
6.41392
5.82404
5.2958
4.81918
4.38813
3.9953
3.63752
3.31658
3.03272
2.78699
2.57967
2.40202
2.23862
2.0797
1.92369
1.77049
1.62137
1.47842
1.34133
1.20939
1.08243
0.959809
0.843039
0.735862
0.64041
0.556024
0.481245
0.414962
0.356028
0.303606
0.257271
0.216562
0.181046
0.150363
0.123962
0.101119
0.0812671
0.0641371
0.0495751
0.0374041
0.027409
0.0193439
0.0128198
0.00731074
0.002371
0.513114
1.56926
2.71314
3.99582
5.44671
7.04429
8.67644
10.1262
11.1595
11.7086
11.862
11.7076
11.3363
10.8389
10.2498
9.59009
8.88285
8.12965
7.36258
6.64863
6.02147
5.46791
4.97053
4.52294
4.11429
3.74055
3.40628
3.11139
2.85825
2.6505
2.47727
2.31619
2.15501
1.99465
1.83558
1.67988
1.53127
1.38883
1.25134
1.11885
0.989631
0.865466
0.752162
0.652699
0.565575
0.488609
0.420608
0.360154
0.30629
0.258751
0.217049
0.180737
0.149553
0.122896
0.0998427
0.0797306
0.062355
0.047643
0.0354452
0.0255593
0.0177674
0.0116513
0.00660876
0.00213983
0.512286
1.57224
2.73755
4.07531
5.63451
7.40883
9.27462
10.9473
12.0918
12.6344
12.734
12.4976
12.0328
11.4607
10.8042
10.078
9.31119
8.485
7.63334
6.8559
6.19571
5.62138
5.10543
4.64415
4.22118
3.83126
3.48427
3.17836
2.91741
2.7114
2.54684
2.39038
2.22686
2.06226
1.89717
1.73443
1.58059
1.43327
1.29048
1.15302
1.01716
0.884767
0.765016
0.662015
0.572702
0.493883
0.424518
0.362798
0.307609
0.259013
0.216451
0.179431
0.147885
0.121164
0.098042
0.0777209
0.0601249
0.0452982
0.0331147
0.0233796
0.0159279
0.0103103
0.00581694
0.00188205
0.505135
1.55602
2.72972
4.11129
5.77518
7.7409
9.88156
11.828
13.0923
13.5997
13.6288
13.2944
12.7183
12.0705
11.3471
10.5519
9.73153
8.82941
7.87883
7.03292
6.3468
5.75758
5.22454
4.75313
4.31741
3.91026
3.55143
3.23429
2.96405
2.76215
2.61189
2.46261
2.29576
2.12701
1.95564
1.78498
1.62659
1.47495
1.32694
1.18542
1.04285
0.900943
0.774283
0.668452
0.577623
0.497219
0.426878
0.36415
0.30768
0.258176
0.214879
0.177192
0.145419
0.118859
0.0958144
0.0753072
0.057492
0.042578
0.0304432
0.0208857
0.0138363
0.00881434
0.00495159
0.00160409
0.491628
1.52018
2.68785
4.09902
5.85978
8.02952
10.4941
12.7829
14.1741
14.6019
14.5444
14.0963
13.3857
12.6662
11.878
11.0093
10.147
9.16677
8.09628
7.17577
6.47527
5.87854
5.32825
4.85145
4.40471
3.9778
3.60876
3.28001
2.99736
2.80214
2.67394
2.53458
2.36197
2.18936
2.01143
1.83131
1.66946
1.51422
1.36074
1.21658
1.06732
0.913893
0.779706
0.672129
0.580608
0.498749
0.427879
0.36441
0.306598
0.256351
0.21245
0.174075
0.142201
0.116075
0.0932654
0.0725547
0.0544953
0.039517
0.0274621
0.0180897
0.0114997
0.00718249
0.00403175
0.00131331
0.471916
1.46487
2.61099
4.03444
5.87884
8.26096
11.1064
13.8319
15.3542
15.6338
15.4791
14.9028
14.0252
13.2462
12.3979
11.4456
10.5622
9.50303
8.28154
7.2791
6.58243
5.98718
5.41632
4.94092
4.4852
4.03365
3.65749
3.31676
3.01598
2.83026
2.73497
2.60844
2.4253
2.24979
2.06512
1.87284
1.70945
1.5515
1.39165
1.24715
1.09135
0.923371
0.780871
0.673222
0.582004
0.498554
0.42772
0.363806
0.304422
0.253648
0.209295
0.170112
0.138256
0.112911
0.0905112
0.0695223
0.0511643
0.0361476
0.0242053
0.0149991
0.00891991
0.00543692
0.00307971
0.00101799
0.446333
1.39077
2.49913
3.91448
5.82269
8.41822
11.7084
15.0014
16.6546
16.6805
16.4313
15.7158
14.6231
13.8104
12.9094
11.8534
10.9834
9.84704
8.42841
7.33564
6.67088
6.08771
5.48733
5.02376
4.5616
4.07663
3.69919
3.34638
3.01789
2.84464
2.79764
2.68689
2.48479
2.30885
2.11752
1.90857
1.74695
1.58743
1.4191
1.27795
1.11601
0.928915
0.77717
0.671999
0.582268
0.496627
0.426613
0.362605
0.301153
0.250177
0.205564
0.16531
0.133585
0.10948
0.0876829
0.0662594
0.0475178
0.0325001
0.0207119
0.0116155
0.00609187
0.00360407
0.00212152
0.000727268
0.415387
1.29917
2.35334
3.73747
5.68209
8.48079
12.2838
16.327
18.1039
17.7162
17.4007
16.5409
15.1594
14.3611
13.4182
12.2198
11.42
10.2117
8.52766
7.33559
6.74515
6.18601
5.53794
5.1028
4.63754
4.10413
3.73595
3.37163
3.00008
2.84244
2.86565
2.77347
2.53839
2.36727
2.16986
1.93675
1.78255
1.62289
1.44191
1.31004
1.14279
0.929749
0.767746
0.66888
0.582006
0.492811
0.424799
0.361136
0.296704
0.246056
0.201448
0.159641
0.128156
0.105908
0.0849316
0.0628006
0.0435606
0.0286034
0.0170302
0.00793271
0.0030011
0.00171683
0.00118727
0.000450898
0.37973
1.19186
2.17577
3.50341
5.44887
8.4245
12.8062
17.8567
19.7401
18.6983
18.3907
17.3902
15.6049
14.9045
13.9342
12.5242
11.8846
10.6154
8.56568
7.26598
6.81255
6.2903
5.56172
5.18187
4.71803
4.11133
3.77066
3.39662
2.95833
2.81941
2.94401
2.87279
2.58224
2.42617
2.22405
1.95459
1.81723
1.65928
1.45805
1.34482
1.17369
0.924648
0.751439
0.664514
0.582025
0.486717
0.422563
0.359823
0.290857
0.24142
0.19719
0.153027
0.121897
0.102347
0.0824345
0.0591591
0.0392821
0.0244855
0.013222
0.00393434
-0.000379112
-0.000182401
0.000311135
0.000198912
0.340128
1.07107
1.9696
3.21428
5.11691
8.22202
13.2351
19.6544
21.614
19.5597
19.4107
18.2853
15.9161
15.4526
14.4742
12.7337
12.3956
11.084
8.52274
7.10994
6.88428
6.41184
5.54759
5.26636
4.81012
4.09009
3.80738
3.42731
2.88674
2.76954
3.03966
2.99095
2.60997
2.48738
2.28299
1.95767
1.85256
1.69866
1.46418
1.38421
1.21148
0.911755
0.726725
0.659875
0.583401
0.477598
0.420278
0.35923
0.283202
0.236437
0.193113
0.145325
0.11469
0.0989808
0.0804024
0.055318
0.0346544
0.0201739
0.00937005
-0.000409743
-0.00409143
-0.00203756
-0.000469152
-1.8938e-05
0.297419
0.939352
1.73897
2.87419
4.6832
7.84392
13.5093
21.8046
23.794
20.1994
20.4804
19.2615
16.0295
16.0266
15.0642
12.7985
12.9783
11.6529
8.37064
6.84594
6.97673
6.56595
5.47771
5.36407
4.92368
4.0275
3.85191
3.47217
2.77736
2.6844
3.16196
3.13607
2.6115
2.55381
2.35104
1.93934
1.89108
1.74411
1.4551
1.43084
1.2599
0.888338
0.691671
0.656372
0.587553
0.464194
0.418457
0.360113
0.273055
0.231342
0.189648
0.136301
0.106356
0.0960402
0.0790886
0.0512176
0.0296321
0.015695
0.00558581
-0.00514781
-0.00819896
-0.00377312
-0.00111347
-0.000193836
0.252471
0.799441
1.48875
2.48941
4.14894
7.26092
13.5389
24.4183
26.3725
20.4683
21.636
20.3731
15.8525
16.6603
15.7436
12.6443
13.6686
12.3699
8.0698
6.44713
7.11302
6.77321
5.32472
5.48641
5.07257
3.90393
3.91255
3.54293
2.61955
2.55255
3.32342
3.31894
2.57168
2.63018
2.43459
1.88967
1.93664
1.80013
1.42302
1.48841
1.32394
0.850484
0.643886
0.65599
0.596347
0.444515
0.417832
0.363498
0.259344
0.22647
0.187367
0.125604
0.0966519
0.093816
0.0787979
0.0467409
0.0241543
0.0110735
0.00202032
-0.0103522
-0.0127906
-0.0052865
-0.00158146
-0.000318635
0.206141
0.654136
1.22428
2.0682
3.52061
6.44745
13.1953
27.6393
29.4734
20.1538
22.9375
21.6994
15.2523
17.4057
16.5698
12.1634
14.5165
13.2982
7.56565
5.88073
7.32467
7.06105
5.04823
5.64992
5.27598
3.69059
4.00111
3.65537
2.3994
2.35872
3.54051
3.55386
2.46847
2.72374
2.54273
1.79433
1.99505
1.87316
1.35657
1.56205
1.41017
0.79271
0.580512
0.661429
0.612209
0.41558
0.419474
0.370765
0.24047
0.222316
0.187019
0.112721
0.0852621
0.092675
0.0798976
0.0416941
0.0181483
0.00632845
-0.00112301
-0.0161266
-0.0179873
-0.0064382
-0.00183595
-0.000388509
0.159236
0.506152
0.951129
1.62043
2.81075
5.38707
12.2976
31.6518
33.2634
18.9582
24.4795
23.3528
14.0426
18.3396
17.6239
11.2038
15.5914
14.5197
6.7843
5.10777
7.6533
7.46562
4.59054
5.87842
5.56005
3.34641
4.13432
3.83019
2.09903
2.08299
3.83449
3.85975
2.27065
2.84548
2.6881
1.63298
2.07475
1.97217
1.23963
1.65889
1.52705
0.707499
0.498243
0.676254
0.638276
0.373085
0.424936
0.383746
0.214129
0.219614
0.18957
0.0969384
0.0717932
0.0930774
0.0828289
0.0357839
0.0115388
0.00146814
-0.00357266
-0.0226149
-0.0239492
-0.00703955
-0.00184782
-0.000401318
0.112491
0.358009
0.674751
1.15703
2.03822
4.08004
10.598
36.6883
37.9637
16.4745
26.4034
25.4872
11.9659
19.5714
19.0175
9.55555
16.9883
16.1383
5.62749
4.08319
8.15234
8.03419
3.87143
6.20551
5.95984
2.81435
4.33553
4.09384
1.69584
1.69982
4.23231
4.26139
1.93518
3.0114
2.88779
1.37749
2.18778
2.10945
1.04994
1.78876
1.68531
0.58475
0.39339
0.705036
0.678561
0.311011
0.436451
0.404842
0.1771
0.219434
0.196241
0.0772821
0.0557751
0.0955945
0.0881193
0.0285899
0.00426083
-0.0035194
-0.00497055
-0.030012
-0.030884
-0.00683762
-0.00160273
-0.000357447
0.0665419
0.211942
0.400222
0.689234
1.22772
2.55344
7.76263
43.0386
43.8658
12.157
28.9137
28.3075
8.67379
21.2539
20.9008
6.93486
18.8363
18.2834
3.96694
2.75637
8.88843
8.82793
2.78211
6.67779
6.52142
2.01706
4.63693
4.47926
1.16179
1.17709
4.76751
4.79108
1.40403
3.24423
3.16448
0.989693
2.3508
2.30137
0.757357
1.96502
1.89829
0.411151
0.262026
0.753464
0.738167
0.221167
0.457173
0.437137
0.124987
0.223313
0.208538
0.0524579
0.0366662
0.100926
0.0963957
0.0195329
-0.00372157
-0.00867978
-0.00485049
-0.0385761
-0.0390551
-0.00549755
-0.00110993
-0.000258793
0.0219178
0.0698385
0.132001
0.227796
0.408164
0.874071
3.35151
51.0587
51.3492
5.28843
32.2959
32.0802
3.70454
23.5939
23.4714
2.96642
21.3075
21.1127
1.63809
1.07247
9.94241
9.92534
1.1784
7.35849
7.30424
0.851872
5.08217
5.02646
0.462674
0.475106
5.48095
5.49041
0.600579
3.57543
3.54751
0.41895
2.58643
2.56939
0.32199
2.20562
2.18224
0.169488
0.100189
0.828419
0.823522
0.092668
0.491462
0.484528
0.0519372
0.233415
0.228283
0.0207836
0.0138666
0.109912
0.108398
0.00783906
-0.0123891
-0.014111
-0.00261357
-0.0486425
-0.0487909
-0.0025822
-0.000413349
-0.000106606
)
;

boundaryField
{
    left
    {
        type            calculated;
        value           uniform 0;
    }
    right
    {
        type            calculated;
        value           uniform 0;
    }
    interface
    {
        type            calculated;
        value           nonuniform List<scalar> 
64
(
0.0219178
0.0698385
0.132001
0.227796
0.408164
0.874071
3.35151
51.0587
51.3492
5.28843
32.2959
32.0802
3.70454
23.5939
23.4714
2.96642
21.3075
21.1127
1.63809
1.07247
9.94241
9.92534
1.1784
7.35849
7.30424
0.851872
5.08217
5.02646
0.462674
0.475106
5.48095
5.49041
0.600579
3.57543
3.54751
0.41895
2.58643
2.56939
0.32199
2.20562
2.18224
0.169488
0.100189
0.828419
0.823522
0.092668
0.491462
0.484528
0.0519372
0.233415
0.228283
0.0207836
0.0138666
0.109912
0.108398
0.00783906
-0.0123891
-0.014111
-0.00261357
-0.0486425
-0.0487909
-0.0025822
-0.000413349
-0.000106606
)
;
    }
    bottom
    {
        type            calculated;
        value           nonuniform List<scalar> 
64
(
0.0221953
0.0663388
0.109719
0.151759
0.191799
0.229113
0.262939
0.292548
0.317318
0.336798
0.350758
0.359205
0.362368
0.360667
0.354662
0.345006
0.332391
0.317515
0.301041
0.283575
0.265648
0.247703
0.230094
0.213092
0.196886
0.181601
0.167305
0.154017
0.141723
0.130374
0.119907
0.110244
0.101301
0.0929999
0.0852681
0.0780436
0.0712763
0.0649272
0.058968
0.0533786
0.0481461
0.0432619
0.03872
0.0345151
0.0306408
0.0270885
0.0238476
0.0209047
0.0182447
0.0158509
0.0137054
0.0117899
0.0100859
0.00857491
0.00723869
0.00605946
0.0050199
0.00410307
0.00329241
0.00257154
0.00192416
0.00133389
0.000784274
0.000258779
)
;
    }
    defaultFaces
    {
        type            empty;
    }
}


// ************************************************************************* //
