/*--------------------------------*- C++ -*----------------------------------*\
| =========                 |                                                 |
| \\      /  F ield         | OpenFOAM: The Open Source CFD Toolbox           |
|  \\    /   O peration     | Version:  5.x                                   |
|   \\  /    A nd           | Web:      www.OpenFOAM.org                      |
|    \\/     M anipulation  |                                                 |
\*---------------------------------------------------------------------------*/
FoamFile
{
    version     2.0;
    format      ascii;
    class       volScalarField;
    location    "2.4";
    object      gradTx;
}
// * * * * * * * * * * * * * * * * * * * * * * * * * * * * * * * * * * * * * //

dimensions      [0 -1 0 1 0 0 0];

internalField   nonuniform List<scalar> 
2048
(
0.0190184
0.0568172
0.0938778
0.12965
0.16352
0.194817
0.222851
0.246977
0.266656
0.281521
0.291413
0.296395
0.296736
0.292874
0.285367
0.274847
0.261967
0.247368
0.231648
0.215341
0.198901
0.182702
0.167031
0.152101
0.138054
0.124977
0.112907
0.101847
0.0917691
0.0826253
0.0743532
0.0668823
0.060139
0.0540512
0.0485509
0.0435769
0.0390748
0.0349974
0.0313045
0.0279613
0.0249383
0.0222096
0.0197523
0.0175455
0.0155696
0.0138059
0.012236
0.0108421
0.00960681
0.00851311
0.00754449
0.00668495
0.00591905
0.00523197
0.00460966
0.004039
0.00350802
0.00300616
0.00252447
0.0020558
0.0015948
0.00113783
0.000682554
0.00022756
0.0564218
0.168578
0.278595
0.384858
0.485544
0.578635
0.662048
0.733815
0.792298
0.836374
0.865565
0.880071
0.880717
0.868838
0.846127
0.814485
0.775877
0.732224
0.68531
0.636724
0.587817
0.539687
0.493185
0.448928
0.407331
0.368638
0.332956
0.300281
0.270528
0.243547
0.219151
0.197125
0.17725
0.159308
0.143099
0.128439
0.115168
0.103147
0.0922583
0.0823993
0.0734835
0.0654354
0.058188
0.0516802
0.0458543
0.0406552
0.0360288
0.0319224
0.0282845
0.0250647
0.0222143
0.019686
0.0174339
0.0154143
0.0135853
0.011908
0.0103469
0.00887054
0.00745239
0.00607129
0.00471153
0.00336257
0.00201804
0.00067315
0.0927143
0.277072
0.458079
0.633137
0.799242
0.953003
1.09086
1.20943
1.30587
1.37825
1.42574
1.44873
1.44866
1.42784
1.38915
1.33582
1.27116
1.19837
1.12043
1.03995
0.959162
0.879856
0.803402
0.730786
0.662657
0.599388
0.541126
0.487846
0.439388
0.395493
0.355838
0.32006
0.287789
0.258664
0.232351
0.208549
0.186997
0.16747
0.149776
0.133751
0.119257
0.106172
0.0943895
0.0838117
0.0743457
0.0659017
0.0583919
0.0517302
0.0458324
0.0406162
0.0360018
0.0319119
0.0282716
0.0250089
0.0220552
0.0193463
0.0168235
0.014435
0.0121373
0.00989559
0.00768446
0.00548718
0.00329577
0.00110055
0.128168
0.383147
0.633837
0.876769
1.10778
1.32202
1.5143
1.67959
1.81367
1.91367
1.97842
2.00852
2.00617
1.97479
1.9186
1.84225
1.75045
1.64775
1.53831
1.4258
1.31328
1.20321
1.09744
0.997249
0.903489
0.816613
0.736776
0.663901
0.597733
0.537886
0.483887
0.435215
0.391338
0.351749
0.315979
0.283616
0.2543
0.227726
0.203636
0.18181
0.162064
0.144236
0.128184
0.113777
0.100892
0.0894048
0.0791967
0.0701492
0.0621465
0.0550759
0.0488277
0.0432959
0.0383775
0.0339731
0.0299877
0.0263322
0.0229251
0.0196943
0.0165793
0.0135326
0.0105191
0.0075165
0.00451859
0.00151068
0.162938
0.487307
0.806826
1.11731
1.41345
1.68882
1.93632
2.14897
2.32087
2.44802
2.52889
2.56441
2.55773
2.51357
2.43771
2.33635
2.21573
2.08179
1.93992
1.79483
1.65042
1.50977
1.37512
1.24804
1.12948
1.01993
0.919502
0.828048
0.745187
0.670383
0.602996
0.542326
0.487672
0.43837
0.393818
0.353492
0.316943
0.283793
0.253724
0.226468
0.201799
0.179524
0.159471
0.141481
0.125401
0.11108
0.0983653
0.0871088
0.077164
0.0683887
0.0606449
0.0537988
0.0477204
0.0422836
0.0373673
0.0328576
0.0286496
0.0246511
0.0207849
0.0169907
0.0132245
0.00945848
0.00569144
0.00190491
0.197068
0.589729
0.977487
1.35565
1.7178
2.05574
2.36009
2.62145
2.83181
2.98583
3.08157
3.12048
3.1069
3.0472
2.94893
2.82005
2.66844
2.5015
2.32589
2.14739
1.97071
1.79949
1.63634
1.48298
1.34042
1.20911
1.08909
0.980086
0.881568
0.792832
0.713042
0.641304
0.576727
0.518482
0.465833
0.418151
0.374903
0.335647
0.300013
0.267692
0.238427
0.211998
0.18821
0.166881
0.147833
0.130887
0.115861
0.102576
0.0908557
0.0805293
0.0714319
0.0634036
0.0562882
0.0499334
0.0441922
0.0389251
0.0340039
0.0293156
0.024766
0.0202823
0.015812
0.0113227
0.00682049
0.00228518
0.230494
0.690278
1.14577
1.59207
2.02168
2.42442
2.78811
3.10029
3.35027
3.53102
3.6402
3.68005
3.65652
3.57797
3.45406
3.29471
3.10954
2.90751
2.69659
2.48364
2.27417
2.07234
1.88101
1.70199
1.53624
1.3841
1.24549
1.11997
1.00685
0.905231
0.814053
0.732198
0.658568
0.592159
0.5321
0.477661
0.42824
0.383339
0.342545
0.305517
0.271971
0.24167
0.214405
0.189976
0.168184
0.148823
0.131681
0.116548
0.103219
0.091496
0.0811883
0.0721114
0.0640841
0.0569285
0.050471
0.0445465
0.0390022
0.0337036
0.0285393
0.0234238
0.018296
0.0131204
0.00791284
0.00265375
0.263051
0.788519
1.31116
1.82624
2.32531
2.7959
3.22238
3.58834
3.87959
4.08705
4.20801
4.2459
4.20878
4.10756
3.95432
3.76117
3.5396
3.30014
3.05214
2.80357
2.56074
2.32824
2.1091
1.90507
1.71696
1.54495
1.38876
1.24779
1.12114
1.0077
0.906174
0.815175
0.733372
0.659574
0.592779
0.532169
0.477084
0.426982
0.381417
0.340022
0.302497
0.268593
0.238097
0.210799
0.186482
0.164912
0.145848
0.129046
0.114274
0.101306
0.0899296
0.0799367
0.0711228
0.0632844
0.0562209
0.04974
0.043664
0.0378355
0.0321251
0.0264342
0.0206928
0.0148643
0.00897611
0.00301298
0.294475
0.883729
1.47268
2.05728
2.62831
3.17068
3.66448
4.08813
4.42291
4.65708
4.7878
4.82025
4.76533
4.63709
4.45044
4.21988
3.95884
3.67945
3.39248
3.10705
2.83027
2.56712
2.3206
2.09228
1.88272
1.69182
1.51909
1.36372
1.22463
1.10047
0.989649
0.890492
0.801397
0.720975
0.648098
0.581878
0.521613
0.466733
0.416767
0.371328
0.330104
0.292849
0.259354
0.229408
0.202778
0.179202
0.158404
0.14011
0.124055
0.109991
0.0976836
0.0869047
0.0774279
0.0690241
0.0614648
0.0545293
0.048013
0.0417351
0.0355465
0.029335
0.0230207
0.0165678
0.0100182
0.00336519
0.32441
0.974912
1.62892
2.28373
2.92968
3.54875
4.11568
4.60208
4.98321
5.24411
5.38207
5.40489
5.32729
5.16716
4.94271
4.67095
4.36726
4.04533
3.71739
3.39383
3.08259
2.78888
2.51555
2.26379
2.03373
1.82497
1.63675
1.46805
1.31761
1.18382
1.06479
0.958483
0.862974
0.776671
0.698335
0.627032
0.562042
0.502782
0.448762
0.399579
0.354918
0.314541
0.278261
0.245876
0.217138
0.191754
0.16941
0.149793
0.132612
0.117594
0.104487
0.0930477
0.0830288
0.074176
0.0662303
0.0589409
0.0520755
0.0454282
0.0388288
0.0321494
0.025299
0.0182452
0.0110469
0.00371247
0.352421
1.06083
1.77804
2.5036
3.22784
3.92963
4.57697
5.13256
5.56355
5.851
5.99301
6.0012
5.89528
5.69793
5.43104
5.11421
4.76464
4.39752
4.02656
3.66359
3.31747
2.99348
2.69407
2.41982
2.17033
1.94476
1.74209
1.56112
1.4004
1.25811
1.13199
1.01954
0.918487
0.827016
0.743804
0.667904
0.598611
0.535341
0.477591
0.424944
0.37708
0.333787
0.294916
0.260289
0.229643
0.202645
0.178935
0.158163
0.140002
0.124165
0.110384
0.0984029
0.0879591
0.0787717
0.070548
0.0630041
0.0558793
0.0489417
0.041998
0.0349019
0.0275481
0.0199109
0.0120696
0.00405657
0.378007
1.14003
1.91784
2.71432
3.52061
4.31231
5.04918
5.68204
6.16712
6.48062
6.62258
6.61011
6.46945
6.2291
5.91499
5.54924
5.15067
4.7357
4.31958
3.91594
3.53466
3.1809
2.85633
2.56072
2.29293
2.05162
1.83553
1.64331
1.47338
1.32373
1.19166
1.07411
0.968366
0.872398
0.784842
0.704782
0.631569
0.564632
0.503456
0.447602
0.396745
0.350711
0.309422
0.27274
0.24038
0.211958
0.187061
0.165291
0.146293
0.129761
0.115421
0.10301
0.0922546
0.0828452
0.07445
0.0667488
0.0594524
0.0523026
0.0450806
0.0376177
0.029789
0.0215792
0.013093
0.00439883
0.400622
1.21089
2.04578
2.91281
3.80513
4.69526
5.53295
6.25326
6.79742
7.13584
7.27244
7.23213
7.04943
6.75995
6.39385
5.97548
5.52498
5.05954
4.59601
4.15041
3.73391
3.35117
3.00261
2.68691
2.40202
2.14606
1.91755
1.71505
1.53695
1.38108
1.24426
1.12269
1.01307
0.913226
0.821795
0.737958
0.66117
0.590885
0.526564
0.467744
0.414077
0.365445
0.321885
0.283322
0.249442
0.219785
0.193875
0.17126
0.151553
0.134442
0.119648
0.106911
0.0959513
0.0864315
0.0779698
0.0702051
0.0628223
0.0555372
0.0481031
0.0403229
0.0320435
0.0232642
0.0141231
0.00474006
0.419696
1.27171
2.15905
3.0955
4.07786
5.07634
6.02883
6.84938
7.45842
7.81956
7.94401
7.86729
7.63433
7.28934
6.86663
6.39226
5.88723
5.36876
4.85536
4.36648
3.91497
3.50438
3.13327
2.79893
2.49823
2.22866
1.98868
1.77681
1.59148
1.43057
1.2903
1.16579
1.05309
0.949919
0.855012
0.767715
0.687661
0.614325
0.547127
0.485566
0.429245
0.378115
0.332403
0.292131
0.256924
0.226221
0.199469
0.176153
0.155858
0.138269
0.123114
0.110143
0.0990847
0.0895663
0.0811417
0.0734029
0.0660149
0.0586702
0.0510909
0.0430445
0.0343344
0.0249794
0.0151645
0.00508052
0.43467
1.32076
2.25468
3.25836
4.33453
5.45269
6.53719
7.47419
8.15469
8.53465
8.63831
8.51517
8.2227
7.81576
7.33219
6.79883
6.2372
5.66322
5.0971
4.56351
4.0776
3.64076
3.24876
2.89742
2.58222
2.30004
2.04948
1.82904
1.63736
1.4726
1.33027
1.20398
1.08892
0.982899
0.884835
0.794323
0.711279
0.635175
0.565353
0.501271
0.442424
0.388846
0.341068
0.299257
0.262925
0.231364
0.203938
0.180059
0.159281
0.141307
0.12587
0.112746
0.101688
0.0922858
0.0840006
0.0763703
0.0690541
0.0617238
0.0540682
0.0458104
0.0366858
0.0267376
0.0162201
0.00541983
0.445023
1.35636
2.32964
3.39698
4.57009
5.82058
7.05826
8.13238
8.89165
9.28389
9.35595
9.17484
8.81251
8.33738
7.78926
7.1944
6.57488
5.94303
5.32066
4.74071
4.22159
3.76062
3.34964
2.9831
2.65478
2.36086
2.10054
1.87223
1.67491
1.50753
1.36474
1.23789
1.12108
1.01258
0.911594
0.818025
0.732245
0.653649
0.581443
0.51507
0.453795
0.39775
0.347955
0.304786
0.267547
0.235314
0.207381
0.183069
0.161899
0.143617
0.127965
0.114751
0.103791
0.0946265
0.0865825
0.0791339
0.0719605
0.0647171
0.0570567
0.0486503
0.0391243
0.0285503
0.0172907
0.00575675
0.450311
1.37703
2.38101
3.50669
4.77866
6.17518
7.59196
8.82994
9.67581
10.0697
10.097
9.84492
9.40099
8.85205
8.23652
7.57808
6.90053
6.20863
5.52534
4.89708
4.34677
3.86449
3.43656
3.05681
2.71679
2.41181
2.14248
1.90686
1.70437
1.53563
1.39428
1.26817
1.15006
1.03937
0.935603
0.83903
0.750761
0.669952
0.595587
0.527178
0.463554
0.404927
0.35312
0.308803
0.270893
0.238169
0.209898
0.185275
0.163784
0.145264
0.129446
0.116186
0.105418
0.096627
0.0889257
0.0817172
0.0747514
0.0676654
0.0600751
0.0515962
0.0416799
0.0304268
0.018373
0.00608877
0.450193
1.38154
2.40607
3.58269
4.95351
6.51031
8.13772
9.57459
10.5151
10.8936
10.8611
10.5237
9.98459
9.35746
8.67279
7.94885
7.21485
6.46098
5.71027
5.03125
4.45308
3.95314
3.51019
3.1195
2.76919
2.45352
2.17596
1.93346
1.7259
1.55713
1.41954
1.29556
1.17633
1.06364
0.957162
0.857495
0.767012
0.684287
0.607952
0.537826
0.471912
0.410454
0.35659
0.311388
0.273077
0.240028
0.211591
0.186772
0.165005
0.146309
0.130362
0.11707
0.106587
0.0983287
0.091072
0.0841395
0.0774402
0.0705795
0.0631367
0.054684
0.0443884
0.0323735
0.0194587
0.00641156
0.444464
1.369
2.40256
3.62026
5.08712
6.81805
8.69412
10.3765
11.4194
11.756
11.6468
11.2094
10.5587
9.85125
9.09716
8.30529
7.51909
6.70179
5.87421
5.14138
4.54066
4.02765
3.5712
3.1722
2.81308
2.48655
2.20167
1.95261
1.7395
1.57208
1.44127
1.32093
1.2003
1.08576
0.976567
0.873512
0.781168
0.696855
0.618669
0.54726
0.479111
0.414379
0.358351
0.312622
0.274222
0.240978
0.212563
0.187658
0.165623
0.146816
0.130762
0.117412
0.107307
0.0997788
0.0930686
0.0864137
0.0800365
0.073466
0.0662471
0.0579551
0.0472933
0.0343916
0.0205315
0.00671801
0.433076
1.33901
2.36877
3.615
5.17125
7.08836
9.25826
11.2491
12.401
12.6544
12.4526
11.9004
11.1171
10.3312
9.50929
8.64529
7.81523
6.93384
6.01538
5.2249
4.60995
4.0896
3.62009
3.21603
2.84969
2.51129
2.22037
1.96501
1.74499
1.58035
1.46034
1.34526
1.22224
1.10604
0.994128
0.887078
0.793394
0.707877
0.627813
0.555757
0.485442
0.416704
0.358342
0.3126
0.274473
0.241095
0.212919
0.188037
0.165686
0.146851
0.130702
0.117207
0.107573
0.101034
0.0949716
0.0885423
0.082547
0.0763277
0.0694001
0.0614587
0.0504504
0.0364746
0.0215645
0.00699725
0.416145
1.29162
2.30374
3.5631
5.19717
7.30865
9.82485
12.2105
13.4757
13.5823
13.2763
12.5962
11.6515
10.7958
9.90983
8.96537
8.10626
7.16141
6.13109
5.27828
4.66196
4.14119
3.65699
3.25228
2.88052
2.5278
2.2329
1.97155
1.74189
1.58152
1.47786
1.36975
1.2422
1.1248
1.01021
0.898047
0.803866
0.717608
0.63536
0.563632
0.491269
0.417368
0.356434
0.311435
0.274002
0.240427
0.212767
0.188021
0.165219
0.146482
0.130247
0.116431
0.107362
0.102166
0.0968496
0.0905121
0.0849774
0.0791653
0.072571
0.0652556
0.053932
0.0386044
0.0225162
0.00723351
0.393955
1.22741
2.20739
3.46166
5.15598
7.46337
10.3848
13.2847
14.6635
14.5268
14.1156
13.2982
12.1504
11.2442
10.301
9.25971
8.39649
7.39089
6.21725
5.29666
4.69854
4.18552
3.68133
3.28244
2.9074
2.53564
2.24026
1.97346
1.72937
1.57483
1.49525
1.39588
1.25991
1.14238
1.02526
0.906069
0.8128
0.726372
0.641136
0.571262
0.497065
0.416221
0.352413
0.309281
0.273025
0.238976
0.212224
0.187742
0.164215
0.145787
0.12948
0.115037
0.106629
0.103268
0.0987896
0.0922847
0.0873358
0.0819807
0.0757074
0.0694227
0.0578336
0.0407448
0.0233282
0.00740549
0.366948
1.14751
2.08058
3.30903
5.0391
7.5337
10.9229
14.5044
15.9911
15.4648
14.9697
14.0113
12.597
11.6778
10.6876
9.51874
8.69209
7.63165
6.2677
5.27352
4.72279
4.22684
3.69131
3.30829
2.93272
2.5335
2.24372
1.97242
1.7061
1.55897
1.51441
1.42551
1.27454
1.15916
1.03993
0.910478
0.820493
0.734616
0.644731
0.579117
0.503457
0.41298
0.345962
0.30636
0.271819
0.23667
0.211424
0.187359
0.162615
0.144859
0.128515
0.112943
0.105292
0.104467
0.100904
0.0937828
0.0896386
0.0847826
0.0787144
0.0740597
0.062283
0.0428338
0.0239222
0.0074863
0.335695
1.05347
1.92518
3.10507
4.83896
7.49754
11.4154
15.913
17.4935
16.3582
15.8401
14.7461
12.9668
12.1007
11.0779
9.72695
9.00185
7.89703
6.27325
5.20016
4.73969
4.27098
3.68326
3.33219
2.95969
2.51883
2.24492
1.97089
1.67008
1.53197
1.53787
1.46105
1.28442
1.17567
1.05516
0.910148
0.827388
0.742975
0.645374
0.587801
0.511291
0.407177
0.336629
0.302987
0.270741
0.233326
0.210526
0.187076
0.16028
0.143811
0.127505
0.110029
0.103227
0.105933
0.10334
0.0948712
0.0919193
0.0875957
0.081435
0.0792987
0.0674509
0.0447715
0.0241997
0.00744473
0.300877
0.947283
1.74401
2.85145
4.54983
7.32983
11.825
17.5685
19.2173
17.1474
16.7334
15.5212
13.224
12.5217
11.4859
9.85993
9.33829
8.20573
6.22039
5.06527
4.75676
4.3258
3.65057
3.35734
2.99275
2.48717
2.24611
1.97226
1.61846
1.49094
1.56908
1.5056
1.28671
1.19272
1.07233
0.903264
0.834169
0.752374
0.641769
0.598117
0.521711
0.398087
0.323809
0.29962
0.270264
0.228586
0.209742
0.187163
0.15696
0.142794
0.126666
0.106116
0.10025
0.107897
0.106293
0.0953287
0.0942421
0.0904737
0.0836219
0.085317
0.0735647
0.0464047
0.0240448
0.00724795
0.263237
0.831213
1.54074
2.55179
4.16878
7.00365
12.096
19.5476
21.2253
17.742
17.6649
16.3674
13.3159
12.9566
11.9333
9.88039
9.71914
8.58343
6.08961
4.85447
4.78496
4.40189
3.58241
3.38832
3.03801
2.43135
2.25043
1.98133
1.54724
1.43183
1.61263
1.56326
1.27685
1.21159
1.09347
0.887029
0.841894
0.76416
0.631859
0.61116
0.536249
0.384632
0.306711
0.296905
0.271004
0.221851
0.209357
0.187986
0.152238
0.142015
0.126293
0.100957
0.0960981
0.110674
0.110025
0.0948112
0.0967196
0.0935179
0.0848996
0.0923543
0.0809263
0.0475053
0.0233303
0.0068659
0.223551
0.707708
1.3197
2.21166
3.69674
6.49215
12.1467
21.9506
23.6019
18.0095
18.6636
17.3317
13.1657
13.4313
12.4521
9.73276
10.1695
9.06474
5.85332
4.54985
4.83967
4.51327
3.46196
3.43178
3.10399
2.34035
2.26238
2.00461
1.45097
1.34913
1.67464
1.63937
1.24787
1.23432
1.12151
0.857254
0.852174
0.780265
0.612525
0.628435
0.556941
0.365256
0.284344
0.295737
0.273773
0.212172
0.209778
0.190049
0.145468
0.141759
0.126789
0.0942149
0.0904118
0.114677
0.114884
0.0928025
0.0995379
0.0969021
0.0847146
0.100736
0.0899317
0.0477429
0.021929
0.00627686
0.182587
0.579271
1.08571
1.83846
3.13943
5.77187
11.8597
24.9077
26.4602
17.7603
19.7792
18.483
12.6639
13.9859
13.089
9.33647
10.7249
9.69536
5.47314
4.12977
4.94185
4.67843
3.26424
3.49743
3.20235
2.19791
2.28836
2.0508
1.3224
1.23552
1.76312
1.74096
1.18962
1.2641
1.16058
0.807839
0.867418
0.803424
0.579197
0.652029
0.586454
0.337777
0.255497
0.297321
0.279631
0.198133
0.211585
0.194033
0.135693
0.142427
0.12869
0.0854439
0.0827065
0.120453
0.121336
0.0885518
0.102988
0.100905
0.0822725
0.110905
0.101096
0.0466488
0.0197308
0.00547368
0.141074
0.448336
0.843739
1.44105
2.50805
4.82764
11.0706
28.5855
29.9516
16.7295
21.0912
19.9184
11.6561
14.6803
13.9093
8.57747
11.4349
10.5345
4.89678
3.56872
5.11911
4.92147
2.95339
3.59928
3.34888
1.98077
2.33748
2.13128
1.15204
1.08145
1.8884
1.87726
1.08766
1.30575
1.21638
0.730111
0.89114
0.837427
0.525372
0.684832
0.628221
0.299202
0.218738
0.303239
0.289955
0.17769
0.215608
0.200863
0.121537
0.144582
0.13269
0.0740631
0.0723463
0.128703
0.129997
0.080996
0.107507
0.105952
0.0764584
0.123458
0.115078
0.0435709
0.0166643
0.00446886
0.0996718
0.317167
0.5987
1.02926
1.81962
3.65947
9.55405
33.1942
34.2765
14.5552
22.72
21.7704
9.92936
15.601
15.002
7.29805
12.3679
11.6573
4.05429
2.83762
5.40681
5.27361
2.47944
3.75729
3.56458
1.65653
2.42251
2.26052
0.927703
0.874793
2.06352
2.06024
0.922042
1.36637
1.29658
0.612028
0.92835
0.887418
0.44203
0.730814
0.686586
0.245515
0.172437
0.315513
0.306524
0.147991
0.223018
0.211762
0.10108
0.149005
0.139678
0.0593337
0.0585142
0.140317
0.141682
0.0686657
0.113725
0.112662
0.0657421
0.139196
0.132716
0.0376191
0.0127256
0.00329699
0.0589603
0.187778
0.355162
0.613247
1.09641
2.29172
7.00674
38.996
39.6986
10.7519
24.8411
24.2147
7.19551
16.8692
16.4863
5.28491
13.6174
13.1571
2.85386
1.90445
5.84903
5.77488
1.77449
3.99933
3.87691
1.18118
2.56121
2.4565
0.63406
0.600423
2.30469
2.3054
0.66584
1.45613
1.4113
0.437241
0.986026
0.960237
0.316949
0.795381
0.766939
0.171429
0.114798
0.336655
0.331616
0.105154
0.235441
0.228335
0.071715
0.156777
0.150752
0.0403331
0.0401797
0.156398
0.157457
0.0495753
0.12252
0.121911
0.0480661
0.159179
0.155052
0.0275989
0.00801082
0.00201226
0.019423
0.0618802
0.117147
0.202701
0.364567
0.784812
3.02895
46.3128
46.5597
4.68205
27.7014
27.479
3.07221
18.6505
18.5173
2.25553
15.3095
15.1479
1.17714
0.735425
6.49912
6.47623
0.748444
4.3635
4.32109
0.4962
2.77779
2.74104
0.252138
0.239807
2.63163
2.63259
0.283485
1.58919
1.57354
0.184012
1.07367
1.06479
0.13393
0.885787
0.875846
0.0701214
0.0439381
0.369703
0.368134
0.0440239
0.25509
0.252638
0.0299722
0.16936
0.167245
0.0159307
0.0160689
0.178288
0.178703
0.0210977
0.135089
0.134893
0.020718
0.184799
0.183369
0.0119353
0.00275453
0.000679033
)
;

boundaryField
{
    left
    {
        type            calculated;
        value           uniform 0;
    }
    right
    {
        type            calculated;
        value           uniform 0;
    }
    interface
    {
        type            calculated;
        value           nonuniform List<scalar> 
64
(
0.019423
0.0618802
0.117147
0.202701
0.364567
0.784812
3.02895
46.3128
46.5597
4.68205
27.7014
27.479
3.07221
18.6505
18.5173
2.25553
15.3095
15.1479
1.17714
0.735425
6.49912
6.47623
0.748444
4.3635
4.32109
0.4962
2.77779
2.74104
0.252138
0.239807
2.63163
2.63259
0.283485
1.58919
1.57354
0.184012
1.07367
1.06479
0.13393
0.885787
0.875846
0.0701214
0.0439381
0.369703
0.368134
0.0440239
0.25509
0.252638
0.0299722
0.16936
0.167245
0.0159307
0.0160689
0.178288
0.178703
0.0210977
0.135089
0.134893
0.020718
0.184799
0.183369
0.0119353
0.00275453
0.000679033
)
;
    }
    bottom
    {
        type            calculated;
        value           nonuniform List<scalar> 
64
(
0.0190184
0.0568172
0.0938778
0.12965
0.16352
0.194817
0.222851
0.246977
0.266656
0.281521
0.291413
0.296395
0.296736
0.292874
0.285367
0.274847
0.261967
0.247368
0.231648
0.215341
0.198901
0.182702
0.167031
0.152101
0.138054
0.124977
0.112907
0.101847
0.0917691
0.0826253
0.0743532
0.0668823
0.060139
0.0540512
0.0485509
0.0435769
0.0390748
0.0349974
0.0313045
0.0279613
0.0249383
0.0222096
0.0197523
0.0175455
0.0155696
0.0138059
0.012236
0.0108421
0.00960681
0.00851311
0.00754449
0.00668495
0.00591905
0.00523197
0.00460966
0.004039
0.00350802
0.00300616
0.00252447
0.0020558
0.0015948
0.00113783
0.000682554
0.00022756
)
;
    }
    defaultFaces
    {
        type            empty;
    }
}


// ************************************************************************* //
