/*--------------------------------*- C++ -*----------------------------------*\
| =========                 |                                                 |
| \\      /  F ield         | OpenFOAM: The Open Source CFD Toolbox           |
|  \\    /   O peration     | Version:  5.x                                   |
|   \\  /    A nd           | Web:      www.OpenFOAM.org                      |
|    \\/     M anipulation  |                                                 |
\*---------------------------------------------------------------------------*/
FoamFile
{
    version     2.0;
    format      ascii;
    class       volScalarField;
    location    "8.4";
    object      T;
}
// * * * * * * * * * * * * * * * * * * * * * * * * * * * * * * * * * * * * * //

dimensions      [0 0 0 1 0 0 0];

internalField   nonuniform List<scalar> 
2048
(
9.85529
9.85598
9.85736
9.85941
9.8621
9.8654
9.86926
9.87361
9.87839
9.88352
9.88891
9.89447
9.90013
9.90579
9.91139
9.91686
9.92216
9.92724
9.93207
9.93663
9.94092
9.94492
9.94864
9.95209
9.95528
9.95823
9.96094
9.96343
9.96573
9.96784
9.96978
9.97156
9.97319
9.97469
9.97607
9.97732
9.97847
9.97952
9.98047
9.98133
9.9821
9.9828
9.98342
9.98397
9.98447
9.9849
9.98529
9.98562
9.98592
9.98617
9.98639
9.98658
9.98675
9.98689
9.987
9.9871
9.98719
9.98725
9.98731
9.98735
9.98739
9.98741
9.98743
9.98744
9.57162
9.57368
9.57777
9.58384
9.59183
9.60162
9.61307
9.62601
9.64021
9.65544
9.67144
9.68796
9.70474
9.72154
9.73814
9.75437
9.77006
9.7851
9.7994
9.8129
9.82557
9.8374
9.84839
9.85859
9.86801
9.8767
9.8847
9.89207
9.89884
9.90506
9.91078
9.91604
9.92086
9.92529
9.92935
9.93306
9.93644
9.93953
9.94233
9.94486
9.94715
9.9492
9.95104
9.95268
9.95413
9.95541
9.95654
9.95753
9.9584
9.95915
9.9598
9.96036
9.96084
9.96125
9.9616
9.96189
9.96213
9.96233
9.96249
9.96262
9.96272
9.96279
9.96284
9.96286
9.29881
9.30218
9.3089
9.31888
9.33202
9.34812
9.36698
9.38827
9.41166
9.43675
9.4631
9.49029
9.51788
9.54549
9.57276
9.59938
9.6251
9.64973
9.67313
9.6952
9.71589
9.7352
9.75314
9.76976
9.78511
9.79925
9.81228
9.82427
9.83529
9.84541
9.85472
9.86327
9.87112
9.87833
9.88493
9.89097
9.89648
9.9015
9.90606
9.91019
9.9139
9.91724
9.92023
9.92289
9.92525
9.92733
9.92916
9.93077
9.93217
9.93339
9.93444
9.93535
9.93612
9.93678
9.93734
9.93781
9.9382
9.93853
9.93879
9.939
9.93915
9.93927
9.93934
9.93938
9.03559
9.04025
9.04953
9.06333
9.0815
9.10382
9.12995
9.15949
9.19194
9.22674
9.26329
9.30097
9.33919
9.37738
9.41506
9.45179
9.48725
9.52115
9.55331
9.5836
9.61198
9.63842
9.66297
9.68569
9.70666
9.72597
9.74375
9.7601
9.77513
9.78894
9.80163
9.8133
9.82401
9.83384
9.84284
9.85109
9.85861
9.86546
9.87168
9.87731
9.88237
9.88692
9.89099
9.89461
9.89782
9.90065
9.90314
9.90532
9.90722
9.90887
9.91029
9.91152
9.91257
9.91346
9.91421
9.91485
9.91537
9.91581
9.91616
9.91644
9.91665
9.9168
9.91691
9.91695
8.78093
8.78685
8.79864
8.81619
8.83933
8.86778
8.90113
8.93887
8.98034
9.02482
9.07151
9.1196
9.16832
9.21695
9.26485
9.31147
9.3564
9.39928
9.4399
9.4781
9.51383
9.54708
9.57791
9.6064
9.63268
9.65687
9.67913
9.69958
9.71837
9.73565
9.75152
9.76611
9.77951
9.79181
9.80309
9.8134
9.82282
9.8314
9.83918
9.84622
9.85255
9.85824
9.86331
9.86783
9.87183
9.87535
9.87845
9.88116
9.88352
9.88556
9.88733
9.88884
9.89014
9.89124
9.89217
9.89295
9.8936
9.89413
9.89457
9.89491
9.89517
9.89536
9.89548
9.89554
8.53399
8.54113
8.55538
8.57663
8.60468
8.63923
8.67979
8.72573
8.77626
8.83045
8.8873
8.9458
9.00499
9.06396
9.12194
9.17828
9.23245
9.28406
9.33285
9.37865
9.4214
9.46113
9.49791
9.53187
9.56315
9.59192
9.61837
9.64266
9.66498
9.68549
9.70434
9.72167
9.73759
9.75221
9.76562
9.77789
9.78909
9.79928
9.80853
9.81689
9.82442
9.83116
9.83717
9.84252
9.84725
9.85141
9.85507
9.85826
9.86103
9.86344
9.86551
9.86729
9.86881
9.8701
9.87118
9.87209
9.87285
9.87347
9.87397
9.87437
9.87467
9.87489
9.87503
9.8751
8.29407
8.30241
8.31907
8.34395
8.37687
8.41749
8.46528
8.51949
8.57916
8.64316
8.71027
8.77924
8.8489
8.91818
8.98615
9.05205
9.11528
9.17538
9.23206
9.28516
9.33462
9.3805
9.42291
9.462
9.49798
9.53104
9.5614
9.58928
9.61488
9.63841
9.66004
9.67992
9.6982
9.71499
9.73039
9.74449
9.75736
9.76908
9.7797
9.78929
9.79792
9.80565
9.81253
9.81865
9.82404
9.82879
9.83295
9.83658
9.83973
9.84246
9.8448
9.84682
9.84853
9.84998
9.85121
9.85223
9.85308
9.85377
9.85433
9.85477
9.85511
9.85536
9.85551
9.85559
8.0606
8.07011
8.08911
8.11756
8.15529
8.20197
8.25704
8.31963
8.38859
8.46257
8.54008
8.61964
8.69983
8.77941
8.85731
8.93264
9.00474
9.0731
9.13741
9.19751
9.25337
9.30508
9.35279
9.39671
9.43707
9.47412
9.50813
9.53933
9.56798
9.59431
9.61851
9.64078
9.66125
9.68007
9.69734
9.71315
9.72758
9.74072
9.75262
9.76337
9.77302
9.78166
9.78935
9.79616
9.80217
9.80745
9.81206
9.81608
9.81957
9.82258
9.82517
9.82738
9.82927
9.83086
9.8322
9.83332
9.83425
9.835
9.83561
9.83609
9.83646
9.83672
9.83689
9.83697
7.83314
7.84377
7.86504
7.89696
7.93944
7.99218
8.05459
8.12569
8.20414
8.28832
8.37643
8.46673
8.55755
8.64745
8.73523
8.81989
8.90068
8.97709
9.04876
9.11557
9.17751
9.23472
9.28741
9.33584
9.38029
9.42105
9.45842
9.4927
9.52416
9.55307
9.57966
9.60413
9.62666
9.64737
9.66638
9.68379
9.69968
9.71414
9.72724
9.73906
9.74967
9.75914
9.76757
9.77502
9.78158
9.78733
9.79235
9.79672
9.8005
9.80376
9.80656
9.80895
9.81098
9.81269
9.81413
9.81533
9.81632
9.81712
9.81777
9.81828
9.81866
9.81894
9.81912
9.81921
7.61133
7.62302
7.64645
7.68174
7.72888
7.78765
7.85747
7.93726
8.02545
8.12009
8.21906
8.32029
8.42186
8.52213
8.61974
8.71362
8.80296
8.88719
8.96597
9.03918
9.10688
9.16927
9.22662
9.27924
9.32748
9.37167
9.41214
9.44924
9.48329
9.51457
9.54336
9.56988
9.59431
9.61678
9.63742
9.65633
9.67358
9.68928
9.70349
9.71631
9.72779
9.73804
9.74713
9.75516
9.76221
9.76839
9.77377
9.77844
9.78248
9.78595
9.78893
9.79147
9.79362
9.79543
9.79695
9.79821
9.79925
9.80009
9.80076
9.80129
9.8017
9.80198
9.80217
9.80226
7.3949
7.40757
7.43305
7.47155
7.52322
7.58799
7.66529
7.75396
7.85218
7.95761
8.06774
8.18013
8.29259
8.40327
8.51069
8.61369
8.7114
8.80323
8.88885
8.96816
9.04131
9.10855
9.17023
9.22675
9.27848
9.32582
9.36914
9.40882
9.44522
9.47868
9.50949
9.5379
9.56409
9.58821
9.61037
9.63067
9.64921
9.66605
9.6813
9.69504
9.70734
9.71829
9.72798
9.73653
9.74402
9.75057
9.75626
9.7612
9.76545
9.76911
9.77224
9.77489
9.77714
9.77903
9.78061
9.78192
9.78299
9.78386
9.78456
9.7851
9.78551
9.78581
9.786
9.78609
7.18366
7.19722
7.22457
7.26609
7.32213
7.39281
7.47767
7.57546
7.68405
7.80065
7.92228
8.04608
8.16958
8.29072
8.40791
8.51991
8.62583
8.72505
8.81723
8.90235
8.9806
9.05236
9.11806
9.17816
9.23311
9.28333
9.32925
9.37128
9.40982
9.44526
9.47792
9.50807
9.5359
9.56156
9.58514
9.60674
9.62646
9.64439
9.6606
9.67519
9.68823
9.69982
9.71007
9.71907
9.72695
9.73382
9.73978
9.74494
9.74938
9.75319
9.75643
9.75919
9.76151
9.76346
9.76508
9.76643
9.76752
9.76841
9.76912
9.76966
9.77008
9.77037
9.77056
9.77066
6.97745
6.9918
7.02084
7.06513
7.12532
7.20178
7.29426
7.40142
7.52079
7.649
7.7825
7.91799
8.05267
8.18431
8.31122
8.43212
8.54608
8.65246
8.75094
8.84153
8.92455
9.0005
9.06991
9.1333
9.19119
9.24403
9.2923
9.33645
9.37693
9.41415
9.44851
9.48027
9.50962
9.53671
9.56162
9.58444
9.60527
9.6242
9.6413
9.65668
9.67041
9.68259
9.69332
9.70272
9.71094
9.71808
9.72427
9.72962
9.73421
9.73813
9.74147
9.7443
9.74668
9.74867
9.75032
9.75169
9.7528
9.75369
9.7544
9.75495
9.75536
9.75565
9.75584
9.75593
6.77621
6.79122
6.82169
6.86846
6.9325
7.01458
7.11471
7.23155
7.36217
7.50249
7.64827
7.79574
7.94173
8.08389
8.22046
8.35013
8.47195
8.58529
8.68978
8.78551
8.87295
8.95276
9.02556
9.09196
9.15252
9.20775
9.25814
9.30419
9.34639
9.38523
9.42111
9.45436
9.48513
9.51356
9.53971
9.56368
9.58555
9.6054
9.62334
9.63945
9.65381
9.66651
9.67767
9.68743
9.69593
9.7033
9.70968
9.71518
9.71989
9.7239
9.72731
9.73019
9.73261
9.73462
9.7363
9.73767
9.73878
9.73967
9.74037
9.74091
9.74131
9.7416
9.74178
9.74187
6.57989
6.59541
6.62705
6.67592
6.74345
6.8309
6.93869
7.06554
7.20797
7.36097
7.51948
7.6792
7.83664
7.9893
8.13545
8.27375
8.40327
8.52333
8.63355
8.73408
8.82559
8.90892
8.9848
9.05394
9.11693
9.1743
9.22659
9.27433
9.31806
9.35832
9.3956
9.43022
9.46233
9.49201
9.51934
9.54437
9.5672
9.58793
9.60664
9.62343
9.63836
9.65154
9.66308
9.67313
9.68187
9.68943
9.69596
9.70157
9.70637
9.71046
9.71391
9.71682
9.71926
9.72128
9.72296
9.72433
9.72543
9.72631
9.727
9.72753
9.72792
9.72819
9.72837
9.72846
6.38848
6.40435
6.43684
6.4874
6.55797
6.65045
6.76587
6.9031
7.05803
7.22433
7.39604
7.56831
7.73727
7.9004
8.05602
8.2028
8.33982
8.46642
8.58208
8.68704
8.78224
8.86875
8.94743
9.01903
9.08422
9.14352
9.1975
9.24673
9.2918
9.3333
9.37183
9.40773
9.44109
9.47196
9.50039
9.52643
9.55016
9.5717
9.59113
9.60854
9.62401
9.63762
9.64948
9.65978
9.6687
9.67641
9.68306
9.68876
9.69362
9.69775
9.70123
9.70415
9.70659
9.70861
9.71028
9.71164
9.71273
9.71359
9.71425
9.71476
9.71514
9.7154
9.71557
9.71565
6.20202
6.21805
6.25103
6.30279
6.37585
6.47293
6.59588
6.74394
6.91218
7.0925
7.27788
7.46298
7.64351
7.817
7.98198
8.13705
8.2814
8.41436
8.53518
8.64416
8.74266
8.83204
8.91322
8.98704
9.05421
9.11524
9.1707
9.22124
9.26745
9.31002
9.34968
9.38677
9.42132
9.45332
9.4828
9.50977
9.53434
9.55664
9.57673
9.59473
9.61069
9.62468
9.63681
9.6473
9.65638
9.6642
9.67092
9.67668
9.68159
9.68574
9.68923
9.69214
9.69457
9.69657
9.69822
9.69956
9.70062
9.70146
9.7021
9.70258
9.70294
9.70319
9.70334
9.70342
6.02054
6.03654
6.06965
6.12205
6.19695
6.29805
6.42837
6.58775
6.77032
6.96544
7.16494
7.36316
7.55525
7.73894
7.91313
8.0763
8.22779
8.36699
8.49266
8.60524
8.70661
8.79855
8.88196
8.95776
9.02674
9.08929
9.14605
9.19772
9.24488
9.28834
9.32899
9.36724
9.40292
9.43599
9.46647
9.49432
9.51967
9.54267
9.56339
9.58192
9.59835
9.61267
9.62502
9.63565
9.64484
9.65274
9.65951
9.66531
9.67023
9.67438
9.67786
9.68076
9.68315
9.68513
9.68676
9.68807
9.6891
9.6899
9.69051
9.69097
9.6913
9.69153
9.69167
9.69174
5.8441
5.85988
5.8927
5.94515
6.02113
6.12554
6.26293
6.43421
6.63239
6.84315
7.05716
7.26882
7.47237
7.666
7.84929
8.02031
8.17875
8.32413
8.45437
8.57004
8.67385
8.76807
8.85345
8.931
9.00162
9.06553
9.1234
9.17605
9.22397
9.26812
9.30965
9.34902
9.3858
9.41989
9.45133
9.48
9.50605
9.52973
9.55102
9.57005
9.58693
9.60155
9.61405
9.62478
9.63403
9.64198
9.64878
9.6546
9.65951
9.66365
9.6671
9.66996
9.67232
9.67426
9.67585
9.67713
9.67812
9.67889
9.67946
9.67988
9.68019
9.6804
9.68053
9.68059
5.67277
5.68813
5.72026
5.77209
5.8483
5.95513
6.09911
6.28293
6.49841
6.72567
6.95449
7.17994
7.39474
7.59797
7.79028
7.96886
8.13401
8.28564
8.42016
8.53835
8.6441
8.74038
8.82748
8.90655
8.97872
9.0438
9.1026
9.15611
9.20459
9.24921
9.29151
9.33203
9.36988
9.40493
9.43731
9.46673
9.49343
9.51774
9.53956
9.55906
9.57638
9.59126
9.60387
9.61463
9.62392
9.63188
9.63868
9.6445
9.6494
9.65349
9.65691
9.65972
9.66203
9.66392
9.66547
9.66671
9.66767
9.66839
9.66892
9.66931
9.66958
9.66976
9.66988
9.66994
5.50661
5.52135
5.55237
5.60291
5.67839
5.78655
5.93644
6.13348
6.3685
6.61309
6.85683
7.09656
7.32227
7.53456
7.73592
7.92168
8.09328
8.25143
8.38993
8.50992
8.61709
8.7153
8.80386
8.88421
8.95789
9.02398
9.08351
9.13781
9.18665
9.23148
9.27443
9.31618
9.35508
9.39102
9.42436
9.45446
9.48173
9.50666
9.52896
9.54888
9.56666
9.58177
9.5944
9.60514
9.61446
9.6224
9.62918
9.63498
9.63984
9.64389
9.64726
9.65001
9.65225
9.65409
9.6556
9.6568
9.6577
9.65837
9.65886
9.65921
9.65945
9.65961
9.65971
9.65976
5.34568
5.35962
5.38912
5.43769
5.5114
5.61957
5.77436
5.98531
6.24296
6.50555
6.76398
7.01876
7.25482
7.47544
7.68609
7.87853
8.05618
8.22143
8.36357
8.48451
8.5925
8.69265
8.7824
8.86378
8.93902
9.00593
9.06599
9.12106
9.17005
9.21479
9.25827
9.30142
9.34133
9.37809
9.41241
9.44312
9.47086
9.49643
9.51914
9.53945
9.55774
9.57305
9.58561
9.59627
9.60559
9.6135
9.62022
9.62601
9.63082
9.6348
9.63811
9.64079
9.64295
9.64473
9.64621
9.64736
9.64821
9.64883
9.64927
9.64957
9.64977
9.64991
9.64999
9.65004
5.19002
5.203
5.2306
5.27651
5.34735
5.454
5.61227
5.83772
6.12229
6.40323
6.67567
6.94673
7.19227
7.42016
7.64074
7.83914
8.02227
8.19567
8.34105
8.46184
8.56997
8.6723
8.76295
8.84501
8.92203
8.98953
9.04986
9.10581
9.15471
9.19899
9.24285
9.28772
9.32859
9.36603
9.40145
9.43265
9.46073
9.48702
9.51006
9.53069
9.54958
9.56505
9.57745
9.58796
9.5973
9.60514
9.61178
9.61756
9.6223
9.62619
9.62945
9.63205
9.63411
9.63582
9.63726
9.63837
9.63917
9.63972
9.64011
9.64037
9.64053
9.64064
9.64071
9.64074
5.03967
5.05153
5.0769
5.1195
5.18634
5.28971
5.4495
5.68975
6.00731
6.30638
6.59137
6.8808
7.13451
7.36814
7.59994
7.80324
7.99097
8.17427
8.32235
8.44163
8.5491
8.6542
8.74533
8.82765
8.90688
8.97468
9.03494
9.09204
9.14057
9.18393
9.228
9.27507
9.3168
9.35473
9.39146
9.423
9.45126
9.47839
9.50166
9.52251
9.54218
9.55775
9.56987
9.58015
9.58954
9.59728
9.60381
9.6096
9.61425
9.61803
9.62124
9.62375
9.6257
9.62734
9.62875
9.62981
9.63055
9.63103
9.63136
9.63158
9.6317
9.63178
9.63183
9.63186
4.89464
4.90527
4.9281
4.96679
5.0285
5.12663
5.28534
5.54007
5.89932
6.21525
6.51029
6.82153
7.08139
7.3186
7.56394
7.77056
7.96151
8.15753
8.30752
8.42356
8.5294
8.63836
8.72942
8.81137
8.89361
8.96128
9.02101
9.07979
9.1276
9.16945
9.21347
9.26355
9.30593
9.34406
9.38245
9.41411
9.44233
9.47054
9.49389
9.51481
9.53553
9.55114
9.56281
9.57277
9.5823
9.5899
9.59626
9.60211
9.60665
9.61029
9.61347
9.61587
9.6177
9.61924
9.62065
9.62166
9.62233
9.62274
9.62302
9.62318
9.62326
9.62331
9.62335
9.62337
4.75493
4.76422
4.78427
4.81854
4.87405
4.96483
5.11908
5.38684
5.80023
6.13013
6.43119
6.76982
7.03278
7.27043
7.53325
7.74082
7.93285
8.14598
8.29661
8.40726
8.51026
8.62494
8.71509
8.79578
8.88233
8.94923
9.00778
9.06913
9.11577
9.1554
9.199
9.25327
9.29595
9.33382
9.37449
9.40595
9.43378
9.46351
9.48669
9.50746
9.52968
9.5452
9.55623
9.56575
9.57556
9.58296
9.58909
9.59507
9.59947
9.60294
9.60612
9.60839
9.61007
9.61152
9.61294
9.6139
9.6145
9.61483
9.61505
9.61517
9.61519
9.61521
9.61524
9.61526
4.6205
4.62839
4.64547
4.67489
4.72323
4.80449
4.95005
5.22744
5.71286
6.05128
6.35222
6.72707
6.98854
7.22215
7.5088
7.71375
7.90358
8.14046
8.28972
8.39234
8.49092
8.61428
8.70222
8.78035
8.87327
8.93844
8.99488
9.06023
9.10509
9.14161
9.18422
9.24447
9.28682
9.32379
9.36769
9.39847
9.42544
9.45736
9.48001
9.50031
9.52467
9.53992
9.55006
9.55902
9.56932
9.57644
9.58225
9.58848
9.59268
9.59593
9.59916
9.60129
9.6028
9.60414
9.60561
9.60652
9.60703
9.60727
9.60743
9.60751
9.60747
9.60747
9.60749
9.6075
4.49131
4.49775
4.51175
4.536
4.57635
4.64597
4.77776
5.05818
5.6412
5.9789
6.27074
6.69534
6.94848
7.17168
7.49202
7.68908
7.87178
8.14226
8.2869
8.37841
8.47043
8.60695
8.69071
8.76439
8.86686
8.92884
8.98182
9.05338
9.09554
9.12792
9.16865
9.2375
9.27854
9.31363
9.36225
9.39162
9.41707
9.45224
9.47382
9.49315
9.52061
9.53529
9.54426
9.55248
9.56362
9.57031
9.57568
9.58235
9.58627
9.58923
9.5926
9.59456
9.59586
9.59707
9.59864
9.59949
9.59991
9.60005
9.60016
9.6002
9.60009
9.60007
9.60008
9.60008
4.3673
4.37227
4.38311
4.40199
4.43373
4.48979
4.60201
4.87396
5.59081
5.91308
6.183
6.67769
6.91239
7.11625
7.48508
7.66656
7.83489
8.15329
8.28814
8.36505
8.44754
8.60384
8.68045
8.74701
8.86372
8.92032
8.96796
9.04901
9.08713
9.11423
9.15169
9.23289
9.27105
9.30292
9.35847
9.38536
9.40835
9.44834
9.46807
9.4857
9.51768
9.53128
9.53877
9.54601
9.55849
9.56455
9.56929
9.57668
9.58021
9.58279
9.58644
9.58816
9.58922
9.59028
9.59204
9.5928
9.59313
9.59315
9.59321
9.59321
9.59302
9.59299
9.59299
9.59299
4.24837
4.25189
4.25956
4.27297
4.2957
4.33664
4.42316
4.66771
5.56929
5.85368
6.08391
6.67838
6.87997
7.05208
7.49112
7.64592
7.78946
8.17624
8.29324
8.3519
8.42066
8.60626
8.67131
8.727
8.86478
8.91278
8.95245
9.04773
9.07984
9.10042
9.13252
9.23139
9.26432
9.29107
9.35679
9.37964
9.39885
9.44598
9.46271
9.47761
9.51612
9.52785
9.53354
9.53947
9.55403
9.55912
9.56301
9.57152
9.57448
9.57656
9.58067
9.58209
9.58288
9.58374
9.58579
9.58643
9.58666
9.58655
9.58657
9.58655
9.58626
9.58621
9.58621
9.58621
4.13443
4.13651
4.14105
4.14901
4.16258
4.18736
4.24235
4.42987
5.58688
5.80023
5.96663
6.70333
6.85078
6.97422
7.51447
7.62687
7.73098
8.21487
8.30172
8.33869
8.38773
8.61602
8.66316
8.70279
8.87135
8.90608
8.93418
9.05041
9.07358
9.08652
9.11005
9.23404
9.25826
9.27734
9.35783
9.37439
9.38805
9.44561
9.45769
9.46841
9.51628
9.52495
9.52853
9.53267
9.55034
9.55401
9.55672
9.56694
9.56906
9.57049
9.57532
9.57633
9.57682
9.57741
9.5799
9.58037
9.5805
9.58023
9.58023
9.58019
9.57977
9.57973
9.57973
9.57973
4.02536
4.02604
4.02754
4.03016
4.03465
4.04291
4.06196
4.14761
5.65704
5.75177
5.82224
6.7605
6.82423
6.8762
7.56098
7.60912
7.6536
8.27425
8.31265
8.32538
8.34611
8.63559
8.65579
8.67234
8.88519
8.90005
8.91173
9.05824
9.06817
9.07262
9.08289
9.24221
9.25276
9.26073
9.36245
9.36954
9.37524
9.44782
9.45298
9.45751
9.51865
9.52247
9.5237
9.52541
9.54761
9.54918
9.55028
9.56301
9.56391
9.56448
9.57042
9.57084
9.57101
9.57126
9.57439
9.57459
9.57463
9.57417
9.57416
9.57414
9.57355
9.57353
9.57353
9.57353
)
;

boundaryField
{
    left
    {
        type            zeroGradient;
    }
    right
    {
        type            zeroGradient;
    }
    interface
    {
        type            fixedValue;
        value           nonuniform List<scalar> 
64
(
3.97202
3.97202
3.97202
3.97202
3.97202
3.97202
3.97202
3.97202
5.72872
5.72872
5.72872
6.81156
6.81156
6.81156
7.60054
7.60054
7.60054
8.31867
8.31867
8.31867
8.31867
8.65228
8.65228
8.65228
8.89719
8.89719
8.89719
9.06567
9.06567
9.06567
9.06567
9.25014
9.25014
9.25014
9.36721
9.36721
9.36721
9.45069
9.45069
9.45069
9.52133
9.52133
9.52133
9.52133
9.54682
9.54682
9.54682
9.5614
9.5614
9.5614
9.56817
9.56817
9.56817
9.56817
9.57177
9.57177
9.57177
9.5712
9.5712
9.5712
9.5705
9.5705
9.5705
9.5705
)
;
    }
    bottom
    {
        type            fixedValue;
        value           uniform 10;
    }
    defaultFaces
    {
        type            empty;
    }
}


// ************************************************************************* //
