/*--------------------------------*- C++ -*----------------------------------*\
| =========                 |                                                 |
| \\      /  F ield         | OpenFOAM: The Open Source CFD Toolbox           |
|  \\    /   O peration     | Version:  5.x                                   |
|   \\  /    A nd           | Web:      www.OpenFOAM.org                      |
|    \\/     M anipulation  |                                                 |
\*---------------------------------------------------------------------------*/
FoamFile
{
    version     2.0;
    format      ascii;
    class       volScalarField;
    location    "1.8";
    object      gradTx;
}
// * * * * * * * * * * * * * * * * * * * * * * * * * * * * * * * * * * * * * //

dimensions      [0 -1 0 1 0 0 0];

internalField   nonuniform List<scalar> 
2048
(
0.0166575
0.0497434
0.0821333
0.113312
0.142707
0.169708
0.193693
0.214086
0.230421
0.242396
0.249903
0.253041
0.252095
0.2475
0.239795
0.229571
0.217432
0.203959
0.189681
0.175062
0.16049
0.146274
0.132647
0.119772
0.107755
0.0966512
0.0864782
0.0772232
0.0688515
0.061313
0.0545477
0.0484902
0.0430742
0.038235
0.0339122
0.0300506
0.0266008
0.0235195
0.0207686
0.0183148
0.0161292
0.014186
0.0124624
0.0109377
0.00959301
0.00841059
0.00737402
0.0064678
0.00567734
0.00498886
0.00438935
0.00386649
0.00340862
0.00300468
0.00264431
0.00231788
0.00201666
0.001733
0.00146044
0.00119391
0.000929667
0.000665319
0.000399819
0.000133369
0.0494336
0.147636
0.243815
0.336461
0.423871
0.504208
0.57559
0.636265
0.68481
0.7203
0.742412
0.751453
0.748296
0.734269
0.710999
0.680275
0.64391
0.60364
0.561046
0.517508
0.474174
0.431954
0.391531
0.353382
0.317809
0.284968
0.254904
0.227572
0.202863
0.180627
0.16068
0.142826
0.126868
0.112612
0.0998775
0.0885018
0.0783389
0.0692608
0.0611554
0.0539252
0.0474847
0.0417588
0.0366803
0.0321883
0.0282273
0.0247451
0.0216934
0.0190263
0.0167007
0.014676
0.0129137
0.0113775
0.010033
0.00884728
0.00778977
0.00683187
0.00594764
0.0051143
0.00431275
0.00352787
0.00274866
0.00196791
0.00118234
0.000394094
0.081277
0.24279
0.401116
0.553827
0.698114
0.830884
0.948918
1.04919
1.12925
1.18747
1.22332
1.23734
1.23107
1.20679
1.16729
1.11559
1.05474
0.987648
0.916932
0.844869
0.773339
0.703821
0.63741
0.574862
0.516642
0.462981
0.413926
0.369386
0.329169
0.293012
0.260607
0.231623
0.205727
0.182601
0.161945
0.143493
0.127006
0.112277
0.0991243
0.0873902
0.076937
0.0676437
0.0594021
0.0521143
0.0456898
0.0400448
0.0351
0.0307811
0.0270179
0.0237441
0.0208971
0.0184176
0.0162495
0.0143392
0.0126364
0.0110939
0.0096692
0.00832455
0.00702845
0.00575612
0.00448974
0.00321765
0.00193267
0.000643143
0.112443
0.335999
0.555448
0.767538
0.96837
1.15351
1.31825
1.45811
1.56941
1.64975
1.69836
1.7161
1.70527
1.66926
1.61214
1.53827
1.452
1.35744
1.25826
1.15761
1.05809
0.96171
0.869922
0.783716
0.703676
0.630068
0.562912
0.502048
0.44718
0.397922
0.353829
0.314428
0.279249
0.247843
0.219796
0.19474
0.172348
0.152339
0.134467
0.118519
0.104312
0.0916805
0.0804809
0.0705807
0.0618579
0.0541983
0.0474941
0.0416435
0.0365506
0.032125
0.0282812
0.0249382
0.022019
0.0194502
0.0171622
0.0150899
0.0131741
0.0113621
0.00961009
0.00788357
0.00615862
0.00442065
0.00265591
0.000882367
0.143081
0.427746
0.707719
0.979057
1.23678
1.47499
1.68724
1.86729
2.00998
2.11197
2.17225
2.19209
2.17476
2.12496
2.04822
1.9504
1.83724
1.71408
1.58567
1.45605
1.3285
1.20549
1.08881
0.979604
0.878525
0.785824
0.701457
0.625164
0.556527
0.495019
0.440044
0.390977
0.347202
0.308138
0.273254
0.242085
0.214223
0.189318
0.167065
0.147204
0.129507
0.113775
0.0998286
0.0875062
0.0766567
0.0671378
0.0588144
0.0515589
0.045251
0.0397772
0.0350307
0.03091
0.0273183
0.0241631
0.0213561
0.0188144
0.0164616
0.0142305
0.0120642
0.00991816
0.00776281
0.005583
0.00335677
0.00111381
0.173238
0.518214
0.858364
1.18924
1.50479
1.79748
2.05879
2.28028
2.45491
2.57821
2.64891
2.66887
2.64261
2.57642
2.47755
2.3535
2.21152
2.05826
1.89957
1.74035
1.58453
1.43504
1.29388
1.1623
1.04095
0.930013
0.829334
0.738524
0.657021
0.584139
0.519115
0.461159
0.409497
0.363411
0.322257
0.285476
0.252584
0.223169
0.196877
0.173403
0.152483
0.133886
0.117405
0.102853
0.0900506
0.0788303
0.0690313
0.060501
0.0530958
0.0466808
0.0411289
0.0363197
0.0321378
0.0284721
0.0252161
0.0222688
0.019537
0.0169377
0.0144006
0.0118707
0.00931244
0.00671243
0.00404028
0.00133944
0.202862
0.607299
1.00737
1.39837
1.77324
2.12255
2.43524
2.70008
2.90764
3.052
3.13167
3.14938
3.11125
3.02555
2.90154
2.74859
2.57553
2.39039
2.20013
2.01053
1.82613
1.65023
1.485
1.33169
1.19085
1.06254
0.946465
0.842066
0.748618
0.665257
0.591038
0.524986
0.466159
0.413696
0.366839
0.324943
0.287456
0.253914
0.223918
0.197127
0.173245
0.152016
0.13321
0.116616
0.102035
0.0892712
0.0781404
0.068466
0.0600819
0.0528331
0.046574
0.0411666
0.0364781
0.0323798
0.0287469
0.0254604
0.0224095
0.0194951
0.0166323
0.0137542
0.0108194
0.0078181
0.0047121
0.00156131
0.231808
0.694619
1.15429
1.60621
2.04236
2.4512
2.81847
3.12933
3.37124
3.53649
3.62342
3.63602
3.58254
3.47371
3.32114
3.13625
2.9296
2.7106
2.48734
2.26649
2.05317
1.85096
1.66209
1.48772
1.32821
1.18344
1.05289
0.935849
0.831389
0.738462
0.655916
0.582574
0.517308
0.459109
0.407109
0.360584
0.318926
0.281627
0.248252
0.218429
0.191837
0.168199
0.14727
0.12882
0.112628
0.0984776
0.0861575
0.075468
0.0662218
0.0582452
0.0513757
0.0454595
0.0403479
0.0358952
0.0319587
0.0284007
0.0250923
0.021917
0.0187742
0.0155836
0.0122972
0.0089102
0.00537843
0.00178158
0.259839
0.77953
1.29827
1.81198
2.31187
2.78394
3.20998
3.57041
3.84859
4.03456
4.12667
4.13075
4.05785
3.92175
3.73682
3.51672
3.27378
3.01882
2.76106
2.50805
2.26547
2.03711
1.82513
1.63044
1.45314
1.29283
1.14877
1.02003
0.905502
0.803929
0.713938
0.634119
0.56314
0.499835
0.443234
0.392547
0.347124
0.306422
0.269977
0.237393
0.208329
0.182495
0.159635
0.139506
0.12187
0.106484
0.0931135
0.081535
0.0715403
0.0629386
0.0555525
0.0492146
0.0437619
0.0390325
0.0348654
0.0311041
0.0276004
0.0242197
0.0208434
0.0173753
0.0137604
0.0099998
0.00604589
0.00200252
0.286635
0.861136
1.43802
2.01438
2.58091
3.12084
3.61099
4.02558
4.34249
4.54894
4.64366
4.63511
4.53808
4.3701
4.1487
3.88994
3.60793
3.31483
3.02101
2.73494
2.46285
2.20861
1.97414
1.75997
1.56582
1.39094
1.23433
1.09485
0.971195
0.861906
0.765362
0.679883
0.603907
0.536109
0.475426
0.421017
0.372209
0.328438
0.289217
0.254127
0.222815
0.194983
0.170371
0.148733
0.12981
0.113337
0.0990515
0.0867056
0.0760715
0.0669426
0.0591295
0.0524533
0.0467388
0.0418087
0.0374835
0.0335868
0.0299508
0.0264207
0.0228581
0.0191474
0.015225
0.0110986
0.00672137
0.0022265
0.311799
0.93831
1.57191
2.21163
2.84808
3.46151
4.02251
4.49708
4.85576
5.08229
5.17637
5.15029
5.02371
4.81876
4.55653
4.25558
3.9317
3.5983
3.26686
2.94687
2.64512
2.36541
2.10922
1.87653
1.66654
1.47808
1.30989
1.16061
1.02876
0.912691
0.810496
0.720179
0.639911
0.568206
0.503925
0.446205
0.394367
0.347837
0.306112
0.268756
0.235402
0.205751
0.179555
0.156567
0.13651
0.119093
0.104023
0.0910265
0.0798563
0.0702925
0.0621362
0.0552005
0.0493002
0.0442432
0.0398309
0.035866
0.0321603
0.028538
0.0248372
0.0209189
0.016708
0.0122191
0.00741198
0.002456
0.334875
1.00973
1.69792
2.40141
3.11142
3.8051
4.44536
4.98727
5.39141
5.63725
5.72657
5.67709
5.51476
5.26732
4.95978
4.61313
4.24468
3.86885
3.49821
3.14349
2.81207
2.5075
2.23054
1.98041
1.75565
1.55463
1.37582
1.21766
1.07854
0.956617
0.849689
0.75536
0.671487
0.596428
0.528997
0.468336
0.41379
0.364789
0.320816
0.281415
0.246206
0.214899
0.187269
0.163081
0.142038
0.123815
0.108086
0.09455
0.0829404
0.0730271
0.0646051
0.057483
0.051469
0.0463565
0.0419261
0.0379588
0.034246
0.0305894
0.0268004
0.0227099
0.0182274
0.0133738
0.00812488
0.00269358
0.355362
1.07393
1.81373
2.58092
3.36837
4.15027
4.88023
5.49876
5.95272
6.21647
6.29577
6.2159
6.0108
5.715
5.35765
4.96193
4.5464
4.12609
3.71466
3.32442
2.96352
2.63495
2.33835
2.07199
1.8336
1.62105
1.43254
1.26639
1.12088
0.994039
0.883321
0.785816
0.698998
0.621096
0.550913
0.487639
0.430679
0.379473
0.333487
0.292246
0.25535
0.222526
0.193598
0.168351
0.146465
0.12757
0.111303
0.0973323
0.0853729
0.075188
0.0665703
0.0593285
0.0532685
0.0481696
0.0437879
0.0398819
0.0362237
0.0325918
0.028767
0.0245413
0.0198025
0.0145759
0.00886707
0.00294177
0.372737
1.12932
1.91679
2.74689
3.61572
4.49513
5.32769
6.03452
6.5434
6.82267
6.88524
6.76671
6.51095
6.16066
5.74911
5.30123
4.83643
4.3697
3.91578
3.48926
3.09932
2.74788
2.43299
2.15174
1.90092
1.67783
1.48053
1.30721
1.15614
1.02532
0.911794
0.81196
0.722826
0.64254
0.56995
0.504345
0.44523
0.392064
0.344285
0.301396
0.262962
0.228736
0.198624
0.172453
0.149864
0.130428
0.11374
0.0994324
0.0872046
0.076818
0.0680665
0.0607644
0.0547217
0.0497034
0.0454349
0.0416508
0.0381076
0.0345608
0.0307559
0.0264355
0.0214538
0.0158387
0.00964492
0.00320289
0.386483
1.17432
2.00434
2.89564
3.84957
4.8371
5.78819
6.59816
7.16776
7.45853
7.4959
7.32907
7.01383
6.60283
6.133
5.63022
5.1144
4.59947
4.10113
3.63754
3.21933
2.84652
2.51489
2.22022
1.95819
1.72553
1.52028
1.34056
1.18467
1.0508
0.935526
0.834236
0.743362
0.66109
0.586382
0.51867
0.457634
0.402736
0.353369
0.309013
0.269171
0.233625
0.202425
0.175462
0.152311
0.132461
0.115463
0.100911
0.0884871
0.0779601
0.069128
0.0618168
0.0558507
0.0509787
0.0468854
0.0432797
0.0399098
0.0365097
0.0327854
0.0284159
0.0232039
0.0171749
0.0104634
0.00347856
0.396119
1.20739
2.07362
3.02312
4.06531
5.17283
6.26202
7.1941
7.83088
8.12664
8.12829
7.90208
7.5175
7.03972
6.50804
5.94804
5.38014
4.81541
4.27028
3.76871
3.32345
2.93121
2.58454
2.27806
2.00609
1.76472
1.55232
1.36686
1.2068
1.07082
0.954956
0.853114
0.761002
0.677075
0.600472
0.530819
0.468071
0.411656
0.360892
0.315249
0.27411
0.237288
0.205072
0.177449
0.153881
0.133741
0.11654
0.101829
0.0892717
0.0786575
0.0697889
0.0625098
0.0566754
0.0520167
0.0481578
0.0447806
0.0416399
0.0384492
0.0348723
0.0305082
0.0250774
0.0185967
0.0113247
0.00376901
0.401229
1.22713
2.12191
3.12502
4.25754
5.49791
6.7492
7.82795
8.53886
8.82927
8.78244
8.48443
8.01944
7.4693
6.87294
6.2538
5.63371
5.01778
4.42272
3.88208
3.41165
3.00242
2.64253
2.32598
2.04534
1.796
1.57719
1.38656
1.2228
1.08566
0.970543
0.8691
0.776137
0.690809
0.612472
0.540971
0.476706
0.418986
0.366998
0.320257
0.277914
0.239809
0.206622
0.178483
0.15465
0.134337
0.117039
0.102247
0.0896079
0.0789525
0.070082
0.0628646
0.0572136
0.0528386
0.0492706
0.0461635
0.0433042
0.0403866
0.037031
0.0327404
0.0271024
0.0201145
0.0122269
0.00407217
0.401493
1.2324
2.14669
3.19691
4.42009
5.8067
7.24927
8.50692
9.29915
9.56798
9.45779
9.07446
8.51641
7.88938
7.22652
6.5465
5.8755
5.20728
4.55784
3.97672
3.48398
3.06084
2.6895
2.36478
2.07676
1.81993
1.59545
1.40015
1.23288
1.09555
0.982782
0.882745
0.789132
0.702591
0.622623
0.549273
0.483693
0.424882
0.371819
0.324193
0.28073
0.24126
0.207119
0.178631
0.154699
0.134319
0.117029
0.102229
0.0895428
0.0788868
0.0700402
0.0628984
0.0574795
0.0534671
0.0502436
0.0474354
0.0449064
0.0423252
0.0392725
0.0351449
0.0293111
0.0217361
0.0131616
0.00438258
0.396715
1.22237
2.14583
3.23443
4.54603
6.09194
7.76099
9.24045
10.121
10.3431
10.1531
9.67043
9.00425
8.2977
7.56787
6.8249
6.10634
5.38522
4.67479
4.05132
3.54065
3.10742
2.72606
2.39531
2.10121
1.83702
1.60769
1.40811
1.23715
1.10059
0.99222
0.894666
0.800313
0.712697
0.63116
0.555831
0.489172
0.429502
0.375463
0.32722
0.282715
0.241697
0.206583
0.177959
0.154111
0.133751
0.116574
0.101835
0.0891187
0.0785017
0.0696963
0.062623
0.0574829
0.0539276
0.0510989
0.0485992
0.046447
0.044264
0.0416023
0.0377589
0.0317422
0.023464
0.0141121
0.00469045
0.38684
1.19662
2.11772
3.23348
4.62775
6.34442
8.28176
10.0411
11.0158
11.1525
10.8666
10.2708
9.47757
8.69215
7.8966
7.08721
6.32763
5.55372
4.77234
4.10411
3.5821
3.14347
2.75271
2.4185
2.11971
1.84765
1.61453
1.41103
1.23557
1.10079
0.99949
0.905567
0.80992
0.721382
0.638323
0.56069
0.493277
0.433006
0.378006
0.329513
0.284049
0.241149
0.205007
0.176534
0.152981
0.132689
0.115743
0.101129
0.0883709
0.0778383
0.069085
0.0620436
0.0572274
0.0542498
0.0518622
0.0496526
0.0479245
0.0461972
0.044017
0.0406278
0.0344433
0.025294
0.0150509
0.00498099
0.371964
1.15516
2.06143
3.19049
4.65718
6.55256
8.80676
10.9254
11.9984
11.9905
11.5958
10.8749
9.92913
9.07102
8.21316
7.33064
6.54151
5.71609
4.84861
4.13257
3.60922
3.17076
2.76972
2.43537
2.13342
1.85196
1.61663
1.40963
1.22795
1.09596
1.00536
0.916282
0.81806
0.728885
0.644375
0.563812
0.496142
0.435578
0.37947
0.331261
0.28495
0.239614
0.202351
0.174437
0.151413
0.131174
0.114601
0.100178
0.0873238
0.0769391
0.0682453
0.0611564
0.0567081
0.0544706
0.0525651
0.0505848
0.0493367
0.0481153
0.0464999
0.0438075
0.0374746
0.0272108
0.0159384
0.00523454
0.352338
1.0985
1.97681
3.10273
4.62608
6.70206
9.32763
11.9157
13.0876
12.8455
12.3384
11.4838
10.3489
9.43341
8.51942
7.55062
6.75118
5.87727
4.90069
4.13323
3.62348
3.19175
2.77683
2.44709
2.14374
1.84976
1.61476
1.40482
1.21383
1.08564
1.01079
0.927821
0.824621
0.735438
0.64964
0.565035
0.497919
0.437437
0.379791
0.332685
0.285688
0.23704
0.198527
0.171762
0.149536
0.129224
0.113217
0.0990565
0.0859851
0.0758492
0.0672239
0.0599459
0.0559088
0.0546377
0.0532472
0.0513726
0.0506832
0.0500056
0.0490131
0.047369
0.0409143
0.0291833
0.0167217
0.00542741
0.328354
1.02761
1.8646
2.9686
4.52649
6.77558
9.83053
13.0418
14.308
13.6968
13.0926
12.1017
10.7228
9.77987
8.81933
7.73968
6.9612
6.04449
4.92414
4.10134
3.62733
3.20975
2.77292
2.455
2.15248
1.84024
1.60984
1.39786
1.19241
1.06906
1.01703
0.94144
0.829148
0.741298
0.654545
0.564011
0.498796
0.438872
0.378779
0.334045
0.286613
0.233305
0.193394
0.168637
0.147505
0.126822
0.111665
0.0978507
0.0843375
0.0746195
0.06608
0.0583814
0.0547974
0.0548144
0.0539606
0.0519735
0.0519694
0.0518561
0.0514877
0.0514037
0.0448656
0.0311582
0.0173347
0.00553381
0.300527
0.943901
1.72643
2.78787
4.35137
6.75277
10.2934
14.3437
15.6922
14.5101
13.8587
12.7374
11.03
10.1133
9.12
7.88575
7.17811
6.22803
4.91222
4.0306
3.62454
3.22924
2.75549
2.46082
2.162
1.8217
1.60305
1.39049
1.16246
1.04499
1.02575
0.958731
0.830675
0.746796
0.659692
0.560121
0.49904
0.440277
0.376048
0.33567
0.288188
0.228193
0.18674
0.165235
0.145516
0.12389
0.110029
0.0966667
0.0823266
0.0733104
0.0648917
0.056412
0.0533208
0.0550858
0.0547736
0.0523161
0.0532125
0.0536593
0.0538086
0.0560314
0.0494659
0.0330502
0.0176994
0.00552844
0.269466
0.849142
1.56482
2.562
4.09533
6.61054
10.6823
15.8744
17.2836
15.2318
14.641
13.4075
11.2402
10.4404
9.4331
7.96984
7.41128
6.4423
4.85499
3.91273
3.62079
3.25623
2.71994
2.46688
2.17553
1.79115
1.59594
1.3851
1.12216
1.01161
1.03917
0.981742
0.827487
0.752415
0.66595
0.552347
0.499044
0.442212
0.370925
0.337987
0.291026
0.22135
0.178274
0.1618
0.14382
0.120271
0.108417
0.0956414
0.0798438
0.0719985
0.0637643
0.0539612
0.0513977
0.0555667
0.0557779
0.0522863
0.0544497
0.0554209
0.0557949
0.0614103
0.0548985
0.0347299
0.0177277
0.00538949
0.235842
0.745379
1.38307
2.29418
3.75558
6.32409
10.9458
17.704
19.1401
15.7808
15.4513
14.1387
11.3092
10.7734
9.77669
7.96288
7.67403
6.70706
4.73795
3.73721
3.62427
3.29869
2.6586
2.47642
2.1975
1.74368
1.59069
1.38501
1.06891
0.966356
1.06024
1.01313
0.816802
0.758908
0.674574
0.539097
0.499403
0.445472
0.362329
0.341568
0.295945
0.212242
0.167613
0.158665
0.142742
0.115683
0.106968
0.0949563
0.0767033
0.0707841
0.0628403
0.0509196
0.0489098
0.056411
0.0570964
0.0517084
0.0557491
0.0571703
0.057172
0.0677505
0.0614068
0.0360063
0.017326
0.0051015
0.200353
0.634826
1.1851
1.98943
3.33282
5.86867
11.0091
19.9242
21.3395
16.038
16.3133
14.9721
11.1724
11.1327
10.1776
7.82148
7.98534
7.04893
4.54047
3.49091
3.64646
3.36714
2.55951
2.49413
2.234
1.67172
1.59035
1.39471
0.999119
0.905735
1.09288
1.05636
0.794363
0.767473
0.687358
0.51797
0.501019
0.451183
0.348603
0.347201
0.304024
0.200083
0.154269
0.156289
0.142698
0.109678
0.105877
0.0948559
0.0726121
0.0698044
0.0623104
0.0471364
0.0456915
0.0578225
0.0588946
0.0503193
0.0572245
0.0589774
0.0575374
0.0753312
0.0693111
0.036604
0.0164001
0.00465746
0.163692
0.519747
0.975266
1.65443
2.83215
5.22262
10.7644
22.6537
23.9859
15.8332
17.2683
15.9679
10.7377
11.5504
10.6743
7.4826
8.37209
7.50302
4.23372
3.15801
3.70288
3.47535
2.40478
2.52685
2.29337
1.56404
1.5993
1.42017
0.907966
0.825103
1.1422
1.11594
0.753914
0.779985
0.706814
0.485453
0.505236
0.460918
0.327305
0.355976
0.31667
0.18376
0.137646
0.155283
0.144232
0.101576
0.105421
0.0956698
0.0671304
0.0692488
0.0624264
0.0424102
0.0415181
0.0600681
0.0613946
0.0477369
0.0590532
0.0609733
0.0563149
0.0845236
0.079028
0.0361345
0.0148639
0.00405981
0.126513
0.402348
0.75808
1.29724
2.26373
4.37187
10.0612
26.0445
27.2178
14.9286
18.384
17.2108
9.87525
12.0748
11.3206
6.85686
8.87204
8.11477
3.77825
2.71989
3.81399
3.64119
2.16866
2.58446
2.38683
1.40457
1.62373
1.46916
0.78907
0.718441
1.21476
1.19776
0.686554
0.799304
0.736388
0.436539
0.514021
0.47684
0.294947
0.369402
0.335691
0.161739
0.117041
0.156446
0.148038
0.0903936
0.105993
0.0978397
0.0596236
0.0693807
0.0635145
0.0364779
0.036091
0.0634905
0.0648939
0.0434186
0.0614977
0.0633787
0.0526995
0.0958184
0.0910913
0.0340584
0.0126529
0.00332053
0.0894108
0.284683
0.538004
0.926771
1.64299
3.31624
8.69275
30.2884
31.2187
12.9991
19.7639
18.8161
8.40597
12.7761
12.1894
5.82053
9.53766
8.94184
3.12111
2.15544
4.00593
3.88769
1.81523
2.68106
2.52927
1.17086
1.67238
1.55157
0.634181
0.578126
1.31888
1.30944
0.579967
0.829672
0.780701
0.364261
0.530186
0.501858
0.246678
0.389563
0.363368
0.131945
0.0916538
0.160795
0.15501
0.0747503
0.108149
0.10195
0.0492031
0.0705652
0.065988
0.0290044
0.0290238
0.0685222
0.069788
0.0366131
0.0649314
0.0665388
0.0455904
0.109861
0.106176
0.0296409
0.00974386
0.00246046
0.0529056
0.168573
0.31919
0.552265
0.990236
2.07784
6.38151
35.6244
36.2286
9.60948
21.5604
20.9362
6.08723
13.7532
13.3779
4.20601
10.4409
10.0558
2.19258
1.44161
4.31123
4.24427
1.29563
2.83639
2.74012
0.8324
1.75741
1.67963
0.432823
0.394696
1.46484
1.46077
0.417512
0.877193
0.845807
0.259146
0.557665
0.539817
0.175915
0.419305
0.402531
0.0916406
0.060614
0.169589
0.166285
0.0527658
0.112662
0.10876
0.0346576
0.0733036
0.0703584
0.0195708
0.0198257
0.0756992
0.0765985
0.0263018
0.069867
0.070965
0.0335115
0.127492
0.125124
0.0218978
0.00618509
0.00150925
0.0174288
0.0555542
0.105288
0.182557
0.329307
0.711804
2.76147
42.3461
42.5585
4.18761
23.9893
23.7679
2.59706
15.1423
15.0117
1.79112
11.679
11.544
0.902583
0.554315
4.76924
4.74821
0.544949
3.07751
3.04419
0.348601
1.89543
1.86821
0.171943
0.156637
1.66517
1.66425
0.1772
0.950413
0.939472
0.108588
0.601837
0.595689
0.0739155
0.462463
0.456617
0.037278
0.0230179
0.18435
0.183302
0.0219395
0.120588
0.119243
0.0143746
0.0782752
0.077244
0.00766451
0.00788606
0.0856719
0.0860069
0.0111338
0.0769883
0.0773859
0.0145214
0.149794
0.148965
0.00953547
0.00213986
0.000506917
)
;

boundaryField
{
    left
    {
        type            calculated;
        value           uniform 0;
    }
    right
    {
        type            calculated;
        value           uniform 0;
    }
    interface
    {
        type            calculated;
        value           nonuniform List<scalar> 
64
(
0.0174288
0.0555542
0.105288
0.182557
0.329307
0.711804
2.76147
42.3461
42.5585
4.18761
23.9893
23.7679
2.59706
15.1423
15.0117
1.79112
11.679
11.544
0.902583
0.554315
4.76924
4.74821
0.544949
3.07751
3.04419
0.348601
1.89543
1.86821
0.171943
0.156637
1.66517
1.66425
0.1772
0.950413
0.939472
0.108588
0.601837
0.595689
0.0739155
0.462463
0.456617
0.037278
0.0230179
0.18435
0.183302
0.0219395
0.120588
0.119243
0.0143746
0.0782752
0.077244
0.00766451
0.00788606
0.0856719
0.0860069
0.0111338
0.0769883
0.0773859
0.0145214
0.149794
0.148965
0.00953547
0.00213986
0.000506917
)
;
    }
    bottom
    {
        type            calculated;
        value           nonuniform List<scalar> 
64
(
0.0166575
0.0497434
0.0821333
0.113312
0.142707
0.169708
0.193693
0.214086
0.230421
0.242396
0.249903
0.253041
0.252095
0.2475
0.239795
0.229571
0.217432
0.203959
0.189681
0.175062
0.16049
0.146274
0.132647
0.119772
0.107755
0.0966512
0.0864782
0.0772232
0.0688515
0.061313
0.0545477
0.0484902
0.0430742
0.038235
0.0339122
0.0300506
0.0266008
0.0235195
0.0207686
0.0183148
0.0161292
0.014186
0.0124624
0.0109377
0.00959301
0.00841059
0.00737402
0.0064678
0.00567734
0.00498886
0.00438935
0.00386649
0.00340862
0.00300468
0.00264431
0.00231788
0.00201666
0.001733
0.00146044
0.00119391
0.000929667
0.000665319
0.000399819
0.000133369
)
;
    }
    defaultFaces
    {
        type            empty;
    }
}


// ************************************************************************* //
