/*--------------------------------*- C++ -*----------------------------------*\
| =========                 |                                                 |
| \\      /  F ield         | OpenFOAM: The Open Source CFD Toolbox           |
|  \\    /   O peration     | Version:  5.x                                   |
|   \\  /    A nd           | Web:      www.OpenFOAM.org                      |
|    \\/     M anipulation  |                                                 |
\*---------------------------------------------------------------------------*/
FoamFile
{
    version     2.0;
    format      ascii;
    class       volScalarField;
    location    "0.8";
    object      T;
}
// * * * * * * * * * * * * * * * * * * * * * * * * * * * * * * * * * * * * * //

dimensions      [0 0 0 1 0 0 0];

internalField   nonuniform List<scalar> 
2048
(
9.80863
9.80889
9.8094
9.81014
9.81112
9.8123
9.81367
9.81519
9.81682
9.81854
9.8203
9.82206
9.8238
9.82549
9.8271
9.82861
9.83002
9.83131
9.83249
9.83355
9.8345
9.83534
9.83608
9.83673
9.8373
9.8378
9.83823
9.8386
9.83892
9.8392
9.83943
9.83964
9.83981
9.83996
9.84009
9.8402
9.84029
9.84037
9.84044
9.84049
9.84054
9.84058
9.84062
9.84065
9.84067
9.84069
9.84071
9.84073
9.84074
9.84075
9.84076
9.84077
9.84078
9.84078
9.84079
9.8408
9.8408
9.8408
9.84081
9.84081
9.84081
9.84081
9.84081
9.84082
9.43407
9.43483
9.43634
9.43856
9.44146
9.44498
9.44904
9.45356
9.45842
9.46352
9.46876
9.47401
9.47918
9.48419
9.48896
9.49345
9.49761
9.50143
9.50491
9.50804
9.51083
9.51332
9.51551
9.51743
9.5191
9.52056
9.52183
9.52292
9.52386
9.52468
9.52537
9.52597
9.52648
9.52692
9.52729
9.52761
9.52789
9.52812
9.52832
9.52848
9.52863
9.52875
9.52885
9.52894
9.52901
9.52908
9.52913
9.52918
9.52921
9.52925
9.52928
9.5293
9.52932
9.52934
9.52936
9.52937
9.52939
9.5294
9.52941
9.52941
9.52942
9.52943
9.52943
9.52943
9.07535
9.0766
9.07908
9.08275
9.08753
9.09334
9.10005
9.10751
9.11555
9.12398
9.13262
9.14128
9.1498
9.15803
9.16587
9.17323
9.18005
9.1863
9.19197
9.19707
9.20162
9.20565
9.20921
9.21233
9.21504
9.21741
9.21945
9.22122
9.22275
9.22406
9.22518
9.22615
9.22697
9.22768
9.22828
9.2288
9.22924
9.22961
9.22993
9.2302
9.23043
9.23063
9.23079
9.23093
9.23105
9.23116
9.23124
9.23132
9.23138
9.23143
9.23148
9.23152
9.23155
9.23158
9.23161
9.23163
9.23165
9.23167
9.23169
9.2317
9.23171
9.23172
9.23173
9.23173
8.73149
8.73323
8.73667
8.74177
8.74842
8.75651
8.76586
8.77625
8.78746
8.7992
8.81122
8.82326
8.83508
8.84648
8.85731
8.86746
8.87684
8.88542
8.89318
8.90016
8.90637
8.91186
8.9167
8.92093
8.92461
8.92782
8.93058
8.93298
8.93503
8.9368
8.93832
8.93962
8.94074
8.94169
8.9425
8.9432
8.94379
8.94429
8.94472
8.94509
8.9454
8.94566
8.94588
8.94607
8.94623
8.94637
8.94648
8.94658
8.94667
8.94674
8.9468
8.94685
8.9469
8.94694
8.94698
8.94701
8.94704
8.94706
8.94708
8.9471
8.94712
8.94713
8.94714
8.94714
8.40163
8.40385
8.40825
8.41477
8.4233
8.43368
8.44568
8.45904
8.47344
8.48853
8.50395
8.51936
8.53447
8.549
8.56277
8.57563
8.58749
8.5983
8.60807
8.61681
8.62458
8.63144
8.63746
8.64272
8.6473
8.65127
8.6547
8.65766
8.6602
8.66238
8.66426
8.66586
8.66723
8.66841
8.66941
8.67026
8.67099
8.67161
8.67214
8.67259
8.67297
8.67329
8.67357
8.6738
8.674
8.67416
8.67431
8.67443
8.67453
8.67462
8.67469
8.67476
8.67482
8.67487
8.67491
8.67495
8.67499
8.67502
8.67504
8.67507
8.67509
8.6751
8.67511
8.67512
8.08497
8.08767
8.09303
8.10098
8.1114
8.12409
8.13879
8.15518
8.17283
8.19133
8.2102
8.22903
8.24742
8.26507
8.28174
8.29725
8.31151
8.32446
8.33613
8.34654
8.35576
8.36389
8.371
8.37721
8.38259
8.38725
8.39128
8.39474
8.39772
8.40027
8.40246
8.40434
8.40594
8.40731
8.40847
8.40947
8.41032
8.41104
8.41166
8.41218
8.41262
8.413
8.41332
8.41359
8.41382
8.41401
8.41418
8.41432
8.41444
8.41454
8.41463
8.4147
8.41477
8.41483
8.41488
8.41493
8.41497
8.41501
8.41504
8.41507
8.41509
8.41511
8.41512
8.41513
7.78081
7.78398
7.7903
7.79968
7.812
7.82705
7.84452
7.86401
7.88502
7.90701
7.92942
7.95171
7.97343
7.99419
8.01372
8.03182
8.0484
8.0634
8.07686
8.08884
8.09941
8.1087
8.11681
8.12387
8.12998
8.13526
8.13981
8.14373
8.14708
8.14996
8.15243
8.15453
8.15634
8.15788
8.15919
8.16031
8.16126
8.16207
8.16276
8.16335
8.16385
8.16427
8.16462
8.16493
8.16518
8.1654
8.16559
8.16574
8.16588
8.16599
8.16609
8.16617
8.16625
8.16632
8.16638
8.16643
8.16648
8.16652
8.16656
8.16659
8.16661
8.16664
8.16665
8.16666
7.48848
7.49213
7.49939
7.51022
7.52446
7.54192
7.56223
7.58493
7.60942
7.63503
7.66107
7.68691
7.71199
7.73587
7.75823
7.77886
7.79767
7.81464
7.82979
7.84322
7.85504
7.86538
7.87439
7.8822
7.88896
7.89479
7.8998
7.9041
7.90779
7.91095
7.91365
7.91596
7.91793
7.91961
7.92105
7.92227
7.92332
7.9242
7.92496
7.9256
7.92614
7.9266
7.92699
7.92732
7.9276
7.92783
7.92803
7.9282
7.92835
7.92847
7.92858
7.92867
7.92876
7.92883
7.92889
7.92895
7.92901
7.92905
7.9291
7.92913
7.92916
7.92919
7.9292
7.92921
7.20741
7.21152
7.21972
7.23197
7.24816
7.26807
7.29131
7.31735
7.34546
7.37484
7.40466
7.43414
7.46263
7.48963
7.51479
7.5379
7.55887
7.57768
7.59442
7.60919
7.62214
7.63343
7.64324
7.65173
7.65905
7.66534
7.67075
7.67538
7.67935
7.68274
7.68564
7.68812
7.69024
7.69204
7.69358
7.69489
7.69601
7.69696
7.69776
7.69845
7.69903
7.69952
7.69993
7.70028
7.70058
7.70083
7.70104
7.70123
7.70138
7.70151
7.70163
7.70173
7.70182
7.70189
7.70196
7.70203
7.70209
7.70214
7.70219
7.70223
7.70226
7.70229
7.70231
7.70231
6.93704
6.94159
6.95071
6.96438
6.98252
7.00493
7.0312
7.06072
7.09263
7.12596
7.1597
7.19292
7.22489
7.25502
7.28295
7.30847
7.3315
7.35207
7.37028
7.38627
7.40024
7.41238
7.42289
7.43195
7.43975
7.44645
7.45219
7.4571
7.46129
7.46488
7.46794
7.47055
7.47278
7.47469
7.47631
7.47769
7.47887
7.47987
7.48071
7.48143
7.48204
7.48256
7.48299
7.48336
7.48367
7.48394
7.48416
7.48435
7.48451
7.48465
7.48477
7.48487
7.48497
7.48505
7.48512
7.48519
7.48525
7.48531
7.48536
7.48541
7.48545
7.48548
7.4855
7.48551
6.67688
6.68186
6.69186
6.70691
6.727
6.75195
6.78136
6.81452
6.85044
6.88791
6.92574
6.96284
6.99833
7.03161
7.06227
7.09012
7.11512
7.13733
7.15689
7.174
7.18887
7.20174
7.21285
7.22241
7.23061
7.23763
7.24364
7.24877
7.25315
7.25689
7.26008
7.2628
7.26512
7.2671
7.26879
7.27023
7.27145
7.27249
7.27337
7.27411
7.27474
7.27528
7.27573
7.27611
7.27643
7.2767
7.27693
7.27713
7.27729
7.27744
7.27756
7.27767
7.27777
7.27785
7.27793
7.278
7.27807
7.27813
7.27819
7.27824
7.27828
7.27831
7.27834
7.27835
6.42648
6.43187
6.4427
6.45908
6.48108
6.5086
6.54125
6.57825
6.6184
6.66026
6.70237
6.74346
6.78255
6.81896
6.85231
6.88242
6.90928
6.93301
6.95381
6.9719
6.98756
7.00106
7.01267
7.02263
7.03116
7.03845
7.04467
7.04997
7.05449
7.05834
7.06163
7.06443
7.06682
7.06886
7.07059
7.07207
7.07333
7.07439
7.0753
7.07606
7.07671
7.07725
7.07771
7.0781
7.07843
7.07871
7.07894
7.07914
7.07931
7.07946
7.07958
7.07969
7.07979
7.07988
7.07996
7.08004
7.08011
7.08018
7.08024
7.08029
7.08034
7.08038
7.0804
7.08041
6.18545
6.19119
6.20279
6.22043
6.2443
6.27439
6.31039
6.35141
6.39606
6.44257
6.48918
6.53441
6.57715
6.61669
6.65265
6.68492
6.71354
6.73867
6.76057
6.77953
6.79586
6.80989
6.82191
6.83219
6.84096
6.84845
6.85483
6.86025
6.86487
6.86881
6.87216
6.87502
6.87745
6.87953
6.8813
6.8828
6.88408
6.88517
6.88609
6.88686
6.88752
6.88807
6.88854
6.88893
6.88926
6.88954
6.88978
6.88998
6.89015
6.8903
6.89043
6.89054
6.89064
6.89073
6.89081
6.89089
6.89097
6.89104
6.8911
6.89116
6.89121
6.89125
6.89128
6.8913
5.95339
5.95945
5.97172
5.99052
6.01617
6.04883
6.08827
6.13356
6.18302
6.23447
6.28581
6.3353
6.38174
6.42438
6.46289
6.49721
6.52746
6.55388
6.57676
6.59645
6.61334
6.62778
6.64012
6.65064
6.6596
6.66722
6.6737
6.67921
6.68389
6.68787
6.69126
6.69415
6.69662
6.69872
6.70051
6.70203
6.70332
6.70442
6.70534
6.70613
6.70679
6.70734
6.70781
6.70821
6.70854
6.70882
6.70905
6.70925
6.70943
6.70957
6.7097
6.70981
6.70991
6.71001
6.71009
6.71017
6.71025
6.71032
6.7104
6.71046
6.71052
6.71056
6.71059
6.71061
5.72999
5.73629
5.74914
5.76896
5.79628
5.83146
5.87443
5.92424
5.97886
6.0356
6.09189
6.14579
6.19596
6.24166
6.28263
6.31889
6.35064
6.3782
6.40193
6.42223
6.43956
6.45432
6.46688
6.47757
6.48665
6.49435
6.5009
6.50644
6.51115
6.51515
6.51855
6.52146
6.52393
6.52604
6.52784
6.52937
6.53066
6.53176
6.53269
6.53347
6.53413
6.53469
6.53515
6.53555
6.53588
6.53615
6.53639
6.53659
6.53676
6.5369
6.53703
6.53714
6.53724
6.53734
6.53742
6.53751
6.53759
6.53766
6.53774
6.53781
6.53787
6.53792
6.53796
6.53797
5.51492
5.52142
5.53471
5.55539
5.58421
5.62182
5.6684
5.72301
5.78321
5.84561
5.90712
5.96555
6.01946
6.06815
6.11147
6.14954
6.18266
6.21123
6.23568
6.25647
6.27411
6.28909
6.3018
6.31258
6.32172
6.32946
6.33602
6.34157
6.34627
6.35026
6.35365
6.35655
6.35903
6.36113
6.36293
6.36445
6.36574
6.36684
6.36776
6.36854
6.3692
6.36975
6.37021
6.3706
6.37092
6.37119
6.37143
6.37162
6.37179
6.37193
6.37206
6.37217
6.37227
6.37236
6.37245
6.37253
6.37262
6.3727
6.37278
6.37285
6.37292
6.37298
6.37301
6.37303
5.30792
5.31452
5.32812
5.34946
5.37957
5.41948
5.46972
5.52944
5.59573
5.66419
5.73118
5.79427
5.8519
5.90349
5.94904
5.98878
6.02312
6.05257
6.07761
6.09875
6.1166
6.1317
6.14448
6.15528
6.16443
6.17216
6.1787
6.18422
6.18888
6.19284
6.19621
6.19908
6.20154
6.20364
6.20542
6.20693
6.20821
6.2093
6.21021
6.21098
6.21163
6.21217
6.21263
6.21301
6.21333
6.21359
6.21382
6.21401
6.21418
6.21432
6.21444
6.21455
6.21464
6.21474
6.21482
6.21491
6.215
6.21508
6.21517
6.21525
6.21532
6.21538
6.21543
6.21544
5.10871
5.11534
5.12908
5.15085
5.182
5.224
5.27791
5.3431
5.41608
5.49109
5.56379
5.63163
5.69297
5.74733
5.79497
5.83621
5.87163
5.90184
5.92733
5.9487
5.96665
5.98178
5.99454
6.00532
6.01443
6.02211
6.02858
6.03404
6.03865
6.04255
6.04587
6.04871
6.05115
6.05322
6.05498
6.05648
6.05774
6.05881
6.05971
6.06047
6.06111
6.06164
6.06208
6.06245
6.06276
6.06302
6.06324
6.06343
6.06359
6.06373
6.06384
6.06395
6.06405
6.06414
6.06422
6.06431
6.0644
6.06449
6.06458
6.06467
6.06475
6.06482
6.06486
6.06488
4.91707
4.92364
4.93735
4.95929
4.99116
5.03498
5.09251
5.16357
5.244
5.32604
5.40467
5.47738
5.54233
5.5993
5.64888
5.69147
5.72781
5.75865
5.78448
5.80594
5.82386
5.83895
5.85164
5.86233
5.87136
5.87895
5.88533
5.89071
5.89523
5.89905
5.90231
5.90512
5.90751
5.90956
5.9113
5.91277
5.91401
5.91506
5.91594
5.91668
5.91731
5.91782
5.91826
5.91861
5.91892
5.91917
5.91938
5.91956
5.91971
5.91985
5.91996
5.92006
5.92016
5.92025
5.92033
5.92042
5.92051
5.9206
5.9207
5.9208
5.92088
5.92096
5.92101
5.92103
4.73277
4.7392
4.75269
4.77452
4.80674
4.85202
4.91304
4.9904
5.07923
5.16885
5.25357
5.33123
5.39968
5.45906
5.51044
5.55419
5.59128
5.62266
5.64869
5.67011
5.6879
5.70288
5.71543
5.72599
5.73489
5.74236
5.74862
5.7539
5.75831
5.76204
5.76522
5.76798
5.77034
5.77235
5.77405
5.77549
5.77671
5.77773
5.7786
5.77932
5.77993
5.78043
5.78085
5.78119
5.78148
5.78173
5.78193
5.78211
5.78225
5.78238
5.78249
5.78259
5.78268
5.78277
5.78285
5.78294
5.78303
5.78312
5.78323
5.78333
5.78343
5.78352
5.78357
5.7836
4.55559
4.5618
4.57489
4.5963
4.62845
4.67472
4.73899
4.82313
4.92162
5.01935
5.11021
5.19293
5.26471
5.32625
5.37928
5.42401
5.46169
5.49353
5.51965
5.54087
5.55842
5.57322
5.58559
5.59596
5.60472
5.61204
5.61816
5.62331
5.6276
5.63121
5.63431
5.63701
5.63932
5.64129
5.64296
5.64437
5.64555
5.64655
5.64739
5.64809
5.64868
5.64917
5.64957
5.6499
5.65018
5.65041
5.65061
5.65078
5.65092
5.65104
5.65115
5.65124
5.65133
5.65141
5.6515
5.65158
5.65167
5.65177
5.65188
5.65199
5.6521
5.6522
5.65226
5.65229
4.38535
4.39124
4.40376
4.42444
4.45605
4.50274
4.56987
4.66124
4.77105
4.87739
4.97432
5.06228
5.13715
5.2005
5.25509
5.30059
5.33865
5.37092
5.39701
5.41788
5.43507
5.44966
5.4618
5.47194
5.48054
5.48768
5.49363
5.49865
5.5028
5.50627
5.50927
5.51193
5.51419
5.51611
5.51775
5.51912
5.52026
5.52124
5.52205
5.52273
5.5233
5.52377
5.52415
5.52447
5.52473
5.52496
5.52514
5.5253
5.52544
5.52555
5.52565
5.52574
5.52582
5.52591
5.52599
5.52607
5.52616
5.52626
5.52638
5.5265
5.52663
5.52673
5.5268
5.52683
4.22185
4.22735
4.23911
4.25876
4.28933
4.33573
4.40511
4.50415
4.62757
4.74288
4.84557
4.93905
5.01669
5.08143
5.13757
5.18359
5.22182
5.25454
5.28049
5.30083
5.31754
5.33192
5.34376
5.35363
5.36207
5.36901
5.37476
5.37965
5.38364
5.38695
5.38985
5.39246
5.39467
5.39653
5.39814
5.39946
5.40057
5.40152
5.4023
5.40296
5.40351
5.40396
5.40432
5.40462
5.40488
5.40509
5.40526
5.40541
5.40554
5.40565
5.40575
5.40583
5.40591
5.40599
5.40607
5.40615
5.40624
5.40635
5.40646
5.4066
5.40674
5.40686
5.40693
5.40696
4.06489
4.06994
4.08078
4.09909
4.1281
4.17342
4.24418
4.35116
4.49135
4.61578
4.72357
4.82311
4.90305
4.96863
5.02642
5.07268
5.1108
5.14412
5.1698
5.1894
5.20551
5.2197
5.23121
5.24074
5.24905
5.25575
5.26128
5.26604
5.26987
5.27299
5.27577
5.27836
5.28051
5.28231
5.28389
5.28517
5.28623
5.28715
5.2879
5.28853
5.28907
5.2895
5.28984
5.29011
5.29036
5.29056
5.29072
5.29087
5.29099
5.29109
5.29118
5.29126
5.29133
5.29141
5.29149
5.29157
5.29166
5.29176
5.29188
5.29203
5.29219
5.29233
5.2924
5.29243
3.9143
3.91883
3.92862
3.94532
3.97223
4.01555
4.08649
4.20139
4.3628
4.49604
4.60784
4.71438
4.79597
4.86166
4.92143
4.96756
5.00523
5.0394
5.06466
5.08329
5.09866
5.11275
5.12387
5.13301
5.14122
5.14766
5.15292
5.15759
5.16122
5.16414
5.16678
5.16938
5.17147
5.1732
5.17475
5.17597
5.17698
5.17788
5.1786
5.1792
5.17973
5.18014
5.18045
5.18071
5.18094
5.18113
5.18128
5.18142
5.18153
5.18163
5.18171
5.18179
5.18185
5.18192
5.182
5.18208
5.18217
5.18227
5.1824
5.18256
5.18275
5.18289
5.18297
5.183
3.76988
3.77386
3.78247
3.79731
3.82163
3.86194
3.93148
4.05372
4.24264
4.38366
4.49773
4.61287
4.69516
4.75999
4.82241
4.86791
4.90468
4.9402
4.96485
4.98221
4.99668
5.01084
5.02149
5.03016
5.03835
5.04448
5.04945
5.05406
5.05748
5.06016
5.06265
5.06529
5.06731
5.06895
5.07049
5.07166
5.07261
5.0735
5.07417
5.07473
5.07526
5.07565
5.07593
5.07617
5.07639
5.07656
5.07671
5.07684
5.07694
5.07703
5.07711
5.07718
5.07724
5.07731
5.07739
5.07746
5.07755
5.07766
5.07778
5.07795
5.07818
5.07833
5.07841
5.07843
3.63146
3.63484
3.6422
3.65497
3.67622
3.7125
3.77863
3.90664
4.13201
4.27861
4.39239
4.51876
4.60037
4.66305
4.72928
4.77346
4.80871
4.84637
4.8701
4.88587
4.89926
4.91377
4.92384
4.93192
4.94023
4.946
4.9506
4.95524
4.95842
4.96081
4.96313
4.96589
4.96781
4.96934
4.97091
4.972
4.97288
4.97377
4.9744
4.97492
4.97545
4.97581
4.97606
4.97628
4.97649
4.97665
4.97678
4.97691
4.97701
4.97709
4.97717
4.97723
4.97728
4.97734
4.97742
4.97749
4.97757
4.97768
4.9778
4.97798
4.97826
4.97843
4.9785
4.97852
3.49884
3.50161
3.50764
3.51819
3.53599
3.56721
3.62748
3.75816
4.03262
4.18086
4.29068
4.43242
4.5113
4.57011
4.64207
4.68392
4.71679
4.75783
4.78021
4.79401
4.80608
4.82136
4.83068
4.83803
4.84669
4.85198
4.85614
4.86093
4.86382
4.86588
4.86799
4.87097
4.87277
4.87416
4.87579
4.87679
4.87758
4.87849
4.87907
4.87954
4.88009
4.88042
4.88064
4.88082
4.88104
4.88118
4.8813
4.88143
4.88151
4.88158
4.88166
4.88172
4.88176
4.88182
4.8819
4.88196
4.88204
4.88216
4.88227
4.88245
4.8828
4.88297
4.88303
4.88305
3.37184
3.37398
3.37866
3.38689
3.40092
3.42614
3.47777
3.60556
3.94694
4.09027
4.1911
4.35456
4.42766
4.48032
4.56095
4.59901
4.62835
4.67461
4.69494
4.70635
4.7168
4.73351
4.74181
4.7482
4.75754
4.76223
4.76582
4.77095
4.77348
4.77516
4.77702
4.78035
4.78197
4.78319
4.78494
4.78582
4.7865
4.78747
4.78798
4.78838
4.78899
4.78927
4.78945
4.78961
4.78984
4.78996
4.79006
4.79019
4.79026
4.79032
4.7904
4.79045
4.79048
4.79053
4.79062
4.79068
4.79074
4.79087
4.79097
4.79115
4.79159
4.79175
4.79181
4.79183
3.25027
3.25179
3.2551
3.26095
3.27102
3.28949
3.32947
3.44523
3.87844
4.00654
4.09168
4.28626
4.3491
4.39261
4.4863
4.51846
4.54269
4.59683
4.61407
4.62264
4.63105
4.65012
4.65701
4.66217
4.67267
4.67653
4.67942
4.68514
4.68721
4.68846
4.68998
4.69388
4.69524
4.69622
4.69818
4.6989
4.69945
4.70053
4.70094
4.70127
4.70195
4.70218
4.70231
4.70244
4.70269
4.70279
4.70286
4.703
4.70306
4.70311
4.7032
4.70323
4.70326
4.7033
4.7034
4.70345
4.7035
4.70364
4.70372
4.70389
4.70445
4.7046
4.70465
4.70466
3.13395
3.13485
3.13681
3.14029
3.1463
3.1575
3.183
3.27231
3.83183
3.92916
3.98988
4.22914
4.27522
4.30567
4.41877
4.44197
4.45897
4.52478
4.53732
4.54266
4.54845
4.57118
4.57608
4.57962
4.59197
4.5947
4.59667
4.60337
4.60482
4.60559
4.60666
4.6114
4.61238
4.61305
4.61535
4.61586
4.61623
4.61748
4.61777
4.618
4.6188
4.61897
4.61905
4.61913
4.61942
4.61949
4.61954
4.6197
4.61974
4.61977
4.61987
4.61989
4.61991
4.61993
4.62005
4.62009
4.62012
4.62029
4.62035
4.62047
4.6212
4.62132
4.62135
4.62136
3.02268
3.02298
3.02362
3.02477
3.02676
3.0305
3.03935
3.08039
3.81341
3.85727
3.88247
4.18547
4.20549
4.21791
4.35933
4.36923
4.3762
4.45895
4.46438
4.4662
4.46855
4.49676
4.49882
4.50024
4.5154
4.51654
4.51732
4.52552
4.52612
4.52639
4.52683
4.5328
4.53321
4.53348
4.53629
4.53651
4.53665
4.53818
4.5383
4.53839
4.53938
4.53945
4.53947
4.53951
4.53985
4.53988
4.5399
4.54009
4.54011
4.54012
4.54024
4.54025
4.54025
4.54026
4.54041
4.54042
4.54044
4.54064
4.54066
4.54072
4.54169
4.54174
4.54175
4.54175
)
;

boundaryField
{
    left
    {
        type            zeroGradient;
    }
    right
    {
        type            zeroGradient;
    }
    interface
    {
        type            fixedValue;
        value           nonuniform List<scalar> 
64
(
2.96829
2.96829
2.96829
2.96829
2.96829
2.96829
2.96829
2.96829
3.82264
3.82264
3.82264
4.17162
4.17162
4.17162
4.33376
4.33376
4.33376
4.42884
4.42884
4.42884
4.42884
4.46109
4.46109
4.46109
4.47837
4.47837
4.47837
4.48769
4.48769
4.48769
4.48769
4.49454
4.49454
4.49454
4.49774
4.49774
4.49774
4.49947
4.49947
4.49947
4.5006
4.5006
4.5006
4.5006
4.50099
4.50099
4.50099
4.50121
4.50121
4.50121
4.50134
4.50134
4.50134
4.50134
4.50151
4.50151
4.50151
4.50174
4.50174
4.50174
4.50286
4.50286
4.50286
4.50286
)
;
    }
    bottom
    {
        type            fixedValue;
        value           uniform 10;
    }
    defaultFaces
    {
        type            empty;
    }
}


// ************************************************************************* //
