/*--------------------------------*- C++ -*----------------------------------*\
| =========                 |                                                 |
| \\      /  F ield         | OpenFOAM: The Open Source CFD Toolbox           |
|  \\    /   O peration     | Version:  5.x                                   |
|   \\  /    A nd           | Web:      www.OpenFOAM.org                      |
|    \\/     M anipulation  |                                                 |
\*---------------------------------------------------------------------------*/
FoamFile
{
    version     2.0;
    format      ascii;
    class       volScalarField;
    location    "0.1";
    object      T;
}
// * * * * * * * * * * * * * * * * * * * * * * * * * * * * * * * * * * * * * //

dimensions      [0 0 0 1 0 0 0];

internalField   nonuniform List<scalar> 
2048
(
9.73446
9.73447
9.73448
9.7345
9.73452
9.73455
9.73458
9.73462
9.73465
9.73469
9.73473
9.73477
9.7348
9.73483
9.73486
9.73489
9.73492
9.73494
9.73496
9.73497
9.73498
9.735
9.73501
9.73501
9.73502
9.73503
9.73503
9.73503
9.73504
9.73504
9.73504
9.73504
9.73504
9.73505
9.73505
9.73505
9.73505
9.73505
9.73505
9.73505
9.73505
9.73505
9.73505
9.73505
9.73505
9.73505
9.73505
9.73505
9.73505
9.73505
9.73505
9.73505
9.73505
9.73505
9.73505
9.73505
9.73505
9.73505
9.73505
9.73505
9.73505
9.73505
9.73505
9.73505
9.21502
9.21504
9.21508
9.21513
9.2152
9.21529
9.21539
9.21549
9.2156
9.21572
9.21583
9.21594
9.21604
9.21614
9.21623
9.21631
9.21638
9.21645
9.2165
9.21655
9.21659
9.21662
9.21665
9.21667
9.21669
9.21671
9.21672
9.21673
9.21674
9.21675
9.21675
9.21676
9.21676
9.21676
9.21677
9.21677
9.21677
9.21677
9.21677
9.21677
9.21677
9.21677
9.21677
9.21678
9.21678
9.21678
9.21678
9.21678
9.21678
9.21678
9.21678
9.21678
9.21678
9.21678
9.21678
9.21678
9.21678
9.21678
9.21678
9.21678
9.21678
9.21679
9.21679
9.21679
8.71839
8.71842
8.71848
8.71857
8.71869
8.71883
8.71899
8.71917
8.71935
8.71954
8.71973
8.71991
8.72008
8.72024
8.72039
8.72052
8.72064
8.72074
8.72083
8.72091
8.72097
8.72102
8.72107
8.72111
8.72114
8.72116
8.72119
8.7212
8.72122
8.72123
8.72124
8.72125
8.72125
8.72126
8.72126
8.72127
8.72127
8.72127
8.72127
8.72127
8.72127
8.72127
8.72127
8.72127
8.72127
8.72128
8.72128
8.72128
8.72128
8.72128
8.72128
8.72128
8.72128
8.72128
8.72128
8.72128
8.72128
8.72129
8.72129
8.72129
8.72129
8.72129
8.72129
8.72129
8.2436
8.24364
8.24373
8.24386
8.24402
8.24422
8.24445
8.2447
8.24496
8.24522
8.24548
8.24574
8.24598
8.2462
8.2464
8.24659
8.24674
8.24688
8.247
8.24711
8.24719
8.24727
8.24733
8.24738
8.24742
8.24746
8.24749
8.24751
8.24753
8.24754
8.24756
8.24757
8.24758
8.24758
8.24759
8.24759
8.2476
8.2476
8.2476
8.2476
8.2476
8.2476
8.2476
8.2476
8.2476
8.24761
8.24761
8.24761
8.24761
8.24761
8.24761
8.24761
8.24761
8.24761
8.24761
8.24761
8.24762
8.24762
8.24762
8.24762
8.24762
8.24763
8.24763
8.24763
7.78973
7.78979
7.7899
7.79007
7.79028
7.79054
7.79084
7.79116
7.79149
7.79184
7.79218
7.79251
7.79281
7.7931
7.79336
7.79359
7.79379
7.79396
7.79411
7.79424
7.79435
7.79444
7.79451
7.79458
7.79463
7.79467
7.79471
7.79474
7.79476
7.79478
7.79479
7.79481
7.79482
7.79483
7.79483
7.79484
7.79484
7.79484
7.79485
7.79485
7.79485
7.79485
7.79485
7.79485
7.79485
7.79485
7.79485
7.79485
7.79485
7.79485
7.79485
7.79486
7.79486
7.79486
7.79486
7.79486
7.79487
7.79487
7.79487
7.79487
7.79488
7.79488
7.79488
7.79488
7.3559
7.35597
7.35611
7.35632
7.35658
7.3569
7.35726
7.35766
7.35808
7.35851
7.35893
7.35933
7.35971
7.36005
7.36036
7.36064
7.36088
7.36109
7.36127
7.36142
7.36154
7.36165
7.36174
7.36181
7.36187
7.36192
7.36196
7.362
7.36203
7.36205
7.36207
7.36208
7.36209
7.3621
7.36211
7.36211
7.36212
7.36212
7.36212
7.36213
7.36213
7.36213
7.36213
7.36213
7.36213
7.36213
7.36213
7.36213
7.36213
7.36213
7.36213
7.36213
7.36214
7.36214
7.36214
7.36214
7.36215
7.36215
7.36215
7.36216
7.36216
7.36216
7.36216
7.36216
6.94124
6.94133
6.94149
6.94174
6.94205
6.94244
6.94288
6.94336
6.94386
6.94437
6.94488
6.94536
6.9458
6.94621
6.94658
6.9469
6.94718
6.94741
6.94762
6.94779
6.94793
6.94805
6.94815
6.94824
6.9483
6.94836
6.9484
6.94844
6.94847
6.9485
6.94852
6.94853
6.94855
6.94856
6.94856
6.94857
6.94857
6.94858
6.94858
6.94858
6.94858
6.94859
6.94859
6.94859
6.94859
6.94859
6.94859
6.94859
6.94859
6.94859
6.94859
6.94859
6.94859
6.9486
6.9486
6.9486
6.94861
6.94861
6.94861
6.94862
6.94862
6.94862
6.94863
6.94863
6.54492
6.54502
6.54521
6.5455
6.54587
6.54633
6.54685
6.54741
6.54801
6.54861
6.5492
6.54976
6.55028
6.55075
6.55117
6.55153
6.55185
6.55211
6.55234
6.55253
6.55269
6.55282
6.55293
6.55302
6.55309
6.55315
6.5532
6.55324
6.55328
6.5533
6.55332
6.55334
6.55335
6.55337
6.55337
6.55338
6.55339
6.55339
6.55339
6.5534
6.5534
6.5534
6.5534
6.5534
6.5534
6.5534
6.5534
6.5534
6.5534
6.5534
6.5534
6.5534
6.5534
6.55341
6.55341
6.55341
6.55342
6.55342
6.55343
6.55343
6.55344
6.55344
6.55344
6.55344
6.16615
6.16627
6.16648
6.16681
6.16725
6.16777
6.16837
6.16904
6.16973
6.17043
6.17112
6.17176
6.17235
6.17288
6.17335
6.17376
6.1741
6.17439
6.17464
6.17485
6.17502
6.17516
6.17528
6.17537
6.17545
6.17551
6.17557
6.17561
6.17564
6.17567
6.17569
6.17571
6.17573
6.17574
6.17575
6.17575
6.17576
6.17576
6.17577
6.17577
6.17577
6.17577
6.17577
6.17577
6.17577
6.17577
6.17577
6.17577
6.17577
6.17577
6.17577
6.17577
6.17578
6.17578
6.17578
6.17579
6.17579
6.1758
6.1758
6.17581
6.17581
6.17581
6.17582
6.17582
5.80415
5.80429
5.80453
5.80491
5.8054
5.806
5.8067
5.80746
5.80826
5.80907
5.80985
5.81058
5.81125
5.81184
5.81236
5.8128
5.81318
5.81349
5.81376
5.81397
5.81416
5.8143
5.81443
5.81453
5.81461
5.81468
5.81473
5.81477
5.81481
5.81484
5.81486
5.81488
5.8149
5.81491
5.81492
5.81492
5.81493
5.81493
5.81494
5.81494
5.81494
5.81494
5.81494
5.81494
5.81494
5.81494
5.81494
5.81494
5.81494
5.81494
5.81494
5.81494
5.81494
5.81495
5.81495
5.81496
5.81496
5.81497
5.81497
5.81498
5.81498
5.81498
5.81499
5.81499
5.45821
5.45835
5.45863
5.45905
5.4596
5.46028
5.46108
5.46195
5.46287
5.46379
5.46467
5.4655
5.46624
5.46689
5.46745
5.46793
5.46833
5.46867
5.46895
5.46918
5.46937
5.46952
5.46965
5.46975
5.46984
5.4699
5.46996
5.47
5.47004
5.47007
5.47009
5.47011
5.47013
5.47014
5.47015
5.47016
5.47016
5.47016
5.47017
5.47017
5.47017
5.47017
5.47017
5.47017
5.47017
5.47017
5.47017
5.47017
5.47017
5.47017
5.47017
5.47017
5.47017
5.47018
5.47018
5.47019
5.47019
5.4702
5.4702
5.47021
5.47021
5.47022
5.47022
5.47022
5.1276
5.12776
5.12806
5.12852
5.12914
5.12991
5.13081
5.1318
5.13284
5.13389
5.13488
5.1358
5.13662
5.13733
5.13794
5.13845
5.13887
5.13922
5.13951
5.13975
5.13995
5.1401
5.14023
5.14034
5.14042
5.14049
5.14055
5.14059
5.14063
5.14066
5.14068
5.1407
5.14072
5.14073
5.14074
5.14075
5.14075
5.14075
5.14076
5.14076
5.14076
5.14076
5.14076
5.14076
5.14076
5.14076
5.14076
5.14076
5.14076
5.14076
5.14076
5.14076
5.14076
5.14076
5.14077
5.14077
5.14078
5.14079
5.14079
5.1408
5.1408
5.1408
5.14081
5.14081
4.81165
4.81182
4.81215
4.81266
4.81334
4.8142
4.8152
4.81633
4.81751
4.81869
4.81981
4.82082
4.82171
4.82248
4.82313
4.82367
4.82411
4.82447
4.82477
4.82502
4.82521
4.82537
4.8255
4.82561
4.8257
4.82577
4.82582
4.82587
4.8259
4.82593
4.82596
4.82597
4.82599
4.826
4.82601
4.82601
4.82602
4.82602
4.82603
4.82603
4.82603
4.82603
4.82603
4.82603
4.82603
4.82603
4.82603
4.82602
4.82602
4.82602
4.82602
4.82603
4.82603
4.82603
4.82604
4.82604
4.82605
4.82605
4.82606
4.82606
4.82607
4.82607
4.82608
4.82607
4.50971
4.5099
4.51026
4.5108
4.51155
4.51249
4.51362
4.51489
4.51622
4.51755
4.51879
4.51991
4.52088
4.52169
4.52238
4.52294
4.5234
4.52377
4.52408
4.52432
4.52452
4.52468
4.52481
4.52492
4.525
4.52507
4.52513
4.52517
4.52521
4.52523
4.52526
4.52527
4.52529
4.5253
4.52531
4.52531
4.52532
4.52532
4.52532
4.52533
4.52533
4.52533
4.52533
4.52533
4.52532
4.52532
4.52532
4.52532
4.52532
4.52532
4.52532
4.52532
4.52532
4.52533
4.52533
4.52534
4.52534
4.52535
4.52535
4.52536
4.52536
4.52537
4.52537
4.52536
4.22117
4.22137
4.22175
4.22233
4.22315
4.22418
4.22543
4.22685
4.22836
4.22984
4.23122
4.23244
4.23348
4.23435
4.23506
4.23564
4.23611
4.23649
4.2368
4.23704
4.23724
4.2374
4.23753
4.23763
4.23772
4.23778
4.23784
4.23788
4.23792
4.23794
4.23797
4.23798
4.238
4.23801
4.23802
4.23802
4.23803
4.23803
4.23803
4.23803
4.23803
4.23803
4.23803
4.23803
4.23803
4.23803
4.23803
4.23802
4.23802
4.23802
4.23802
4.23802
4.23803
4.23803
4.23803
4.23804
4.23804
4.23805
4.23806
4.23806
4.23806
4.23807
4.23807
4.23806
3.94543
3.94563
3.94604
3.94665
3.94753
3.94865
3.95003
3.95163
3.95332
3.95498
3.9565
3.95782
3.95894
3.95985
3.96059
3.96118
3.96166
3.96204
3.96234
3.96259
3.96278
3.96294
3.96306
3.96316
3.96325
3.96331
3.96336
3.9634
3.96344
3.96346
3.96349
3.9635
3.96352
3.96353
3.96353
3.96354
3.96354
3.96354
3.96355
3.96355
3.96355
3.96355
3.96354
3.96354
3.96354
3.96354
3.96354
3.96354
3.96354
3.96354
3.96354
3.96354
3.96354
3.96354
3.96354
3.96355
3.96355
3.96356
3.96357
3.96357
3.96357
3.96357
3.96358
3.96357
3.68193
3.68213
3.68255
3.68319
3.68412
3.68533
3.68685
3.68864
3.69054
3.6924
3.69407
3.69549
3.69667
3.69762
3.69838
3.69898
3.69946
3.69984
3.70014
3.70037
3.70057
3.70072
3.70084
3.70094
3.70101
3.70108
3.70113
3.70117
3.7012
3.70123
3.70125
3.70126
3.70127
3.70128
3.70129
3.70129
3.7013
3.7013
3.7013
3.7013
3.7013
3.7013
3.7013
3.7013
3.7013
3.70129
3.70129
3.70129
3.70129
3.70129
3.70129
3.70129
3.70129
3.70129
3.70129
3.7013
3.7013
3.70131
3.70132
3.70132
3.70132
3.70132
3.70132
3.70131
3.43011
3.43031
3.43074
3.4314
3.43238
3.43367
3.43534
3.43733
3.43948
3.44155
3.44337
3.4449
3.44614
3.44712
3.44789
3.44849
3.44896
3.44934
3.44963
3.44986
3.45005
3.45019
3.45031
3.4504
3.45048
3.45054
3.45059
3.45062
3.45066
3.45068
3.4507
3.45071
3.45072
3.45073
3.45074
3.45074
3.45075
3.45075
3.45075
3.45075
3.45075
3.45075
3.45074
3.45074
3.45074
3.45074
3.45074
3.45073
3.45073
3.45073
3.45073
3.45073
3.45073
3.45073
3.45074
3.45074
3.45075
3.45075
3.45076
3.45076
3.45076
3.45076
3.45076
3.45075
3.18946
3.18966
3.1901
3.19076
3.19178
3.19315
3.19497
3.19719
3.19961
3.20192
3.2039
3.20553
3.20681
3.20781
3.20859
3.20919
3.20966
3.21002
3.2103
3.21053
3.2107
3.21084
3.21095
3.21104
3.21111
3.21117
3.21122
3.21125
3.21128
3.2113
3.21132
3.21133
3.21135
3.21135
3.21136
3.21136
3.21136
3.21137
3.21137
3.21137
3.21136
3.21136
3.21136
3.21136
3.21136
3.21135
3.21135
3.21135
3.21135
3.21135
3.21134
3.21134
3.21134
3.21135
3.21135
3.21135
3.21136
3.21136
3.21137
3.21137
3.21137
3.21137
3.21137
3.21136
2.95949
2.95968
2.96012
2.96079
2.96183
2.96327
2.96523
2.9677
2.97044
2.97301
2.97516
2.97688
2.9782
2.97922
2.97999
2.98058
2.98103
2.98138
2.98165
2.98187
2.98203
2.98217
2.98227
2.98236
2.98242
2.98248
2.98252
2.98255
2.98258
2.9826
2.98262
2.98263
2.98264
2.98264
2.98265
2.98265
2.98265
2.98265
2.98265
2.98265
2.98265
2.98265
2.98265
2.98265
2.98264
2.98264
2.98264
2.98264
2.98263
2.98263
2.98263
2.98263
2.98263
2.98263
2.98263
2.98264
2.98264
2.98264
2.98265
2.98265
2.98265
2.98265
2.98265
2.98264
2.73972
2.7399
2.74033
2.74099
2.74204
2.74354
2.74564
2.74839
2.75151
2.75436
2.75668
2.75847
2.75983
2.76084
2.7616
2.76217
2.76261
2.76294
2.7632
2.76341
2.76356
2.76369
2.76379
2.76386
2.76393
2.76398
2.76401
2.76405
2.76407
2.76409
2.7641
2.76412
2.76412
2.76413
2.76413
2.76414
2.76414
2.76414
2.76414
2.76414
2.76413
2.76413
2.76413
2.76413
2.76412
2.76412
2.76412
2.76412
2.76411
2.76411
2.76411
2.76411
2.76411
2.76411
2.76411
2.76411
2.76412
2.76412
2.76412
2.76412
2.76412
2.76412
2.76412
2.76411
2.52969
2.52987
2.53028
2.53092
2.53197
2.5335
2.53574
2.53879
2.54236
2.54552
2.54799
2.54986
2.55123
2.55222
2.55297
2.55352
2.55393
2.55425
2.5545
2.55468
2.55483
2.55495
2.55504
2.55511
2.55517
2.55521
2.55525
2.55528
2.5553
2.55532
2.55533
2.55534
2.55535
2.55535
2.55536
2.55536
2.55536
2.55536
2.55536
2.55536
2.55535
2.55535
2.55535
2.55535
2.55534
2.55534
2.55534
2.55533
2.55533
2.55533
2.55533
2.55532
2.55532
2.55532
2.55532
2.55533
2.55533
2.55533
2.55533
2.55534
2.55533
2.55533
2.55533
2.55532
2.32898
2.32915
2.32954
2.33015
2.33118
2.33272
2.33507
2.33844
2.34257
2.34607
2.34868
2.3506
2.35196
2.35294
2.35365
2.35418
2.35457
2.35487
2.35509
2.35527
2.3554
2.35551
2.35559
2.35566
2.35571
2.35575
2.35579
2.35581
2.35583
2.35585
2.35586
2.35587
2.35588
2.35588
2.35588
2.35588
2.35588
2.35588
2.35588
2.35588
2.35588
2.35587
2.35587
2.35587
2.35587
2.35586
2.35586
2.35585
2.35585
2.35585
2.35584
2.35584
2.35584
2.35584
2.35584
2.35584
2.35585
2.35585
2.35585
2.35585
2.35584
2.35585
2.35584
2.35584
2.13718
2.13733
2.13769
2.13827
2.13925
2.14077
2.14321
2.14693
2.15174
2.1556
2.15832
2.16027
2.16162
2.16255
2.16323
2.16373
2.16409
2.16437
2.16458
2.16474
2.16486
2.16496
2.16503
2.16509
2.16514
2.16518
2.16521
2.16523
2.16525
2.16526
2.16527
2.16528
2.16529
2.16529
2.16529
2.16529
2.16529
2.16529
2.16529
2.16529
2.16528
2.16528
2.16528
2.16527
2.16527
2.16527
2.16526
2.16526
2.16526
2.16525
2.16525
2.16525
2.16524
2.16524
2.16524
2.16525
2.16525
2.16525
2.16525
2.16525
2.16524
2.16524
2.16524
2.16523
1.95387
1.95402
1.95434
1.95487
1.95579
1.95726
1.95974
1.96381
1.9695
1.97372
1.97651
1.97848
1.97979
1.98067
1.98131
1.98177
1.9821
1.98236
1.98255
1.98269
1.9828
1.98289
1.98296
1.98301
1.98306
1.98309
1.98312
1.98314
1.98315
1.98316
1.98317
1.98318
1.98318
1.98319
1.98319
1.98319
1.98319
1.98318
1.98318
1.98318
1.98318
1.98317
1.98317
1.98317
1.98316
1.98316
1.98315
1.98315
1.98315
1.98314
1.98314
1.98314
1.98313
1.98313
1.98313
1.98313
1.98313
1.98313
1.98313
1.98313
1.98312
1.98313
1.98313
1.98312
1.7787
1.77883
1.77911
1.77959
1.78042
1.7818
1.78426
1.78868
1.79551
1.80007
1.80287
1.80484
1.80609
1.80691
1.80751
1.80792
1.80822
1.80846
1.80863
1.80875
1.80885
1.80893
1.80899
1.80904
1.80907
1.8091
1.80913
1.80914
1.80916
1.80917
1.80918
1.80918
1.80918
1.80919
1.80919
1.80919
1.80918
1.80918
1.80918
1.80918
1.80917
1.80917
1.80917
1.80916
1.80916
1.80915
1.80915
1.80914
1.80914
1.80914
1.80913
1.80913
1.80913
1.80913
1.80912
1.80912
1.80912
1.80912
1.80912
1.80912
1.80911
1.80911
1.80912
1.8091
1.61129
1.61141
1.61164
1.61206
1.61279
1.61405
1.61641
1.62111
1.62945
1.6343
1.63703
1.63899
1.64015
1.64089
1.64144
1.64181
1.64208
1.64229
1.64244
1.64255
1.64263
1.6427
1.64276
1.6428
1.64283
1.64286
1.64288
1.64289
1.6429
1.64291
1.64292
1.64292
1.64293
1.64293
1.64293
1.64292
1.64292
1.64292
1.64292
1.64291
1.64291
1.6429
1.6429
1.6429
1.64289
1.64289
1.64288
1.64288
1.64287
1.64287
1.64286
1.64286
1.64286
1.64286
1.64285
1.64285
1.64285
1.64285
1.64285
1.64285
1.64284
1.64284
1.64284
1.64283
1.4513
1.45141
1.4516
1.45194
1.45256
1.45364
1.45582
1.46069
1.47106
1.47606
1.47862
1.48057
1.48162
1.48227
1.48278
1.4831
1.48333
1.48352
1.48365
1.48374
1.48381
1.48387
1.48392
1.48395
1.48398
1.484
1.48402
1.48403
1.48404
1.48405
1.48405
1.48406
1.48406
1.48406
1.48406
1.48405
1.48405
1.48405
1.48405
1.48404
1.48404
1.48403
1.48403
1.48403
1.48402
1.48402
1.48401
1.484
1.484
1.484
1.48399
1.48399
1.48398
1.48398
1.48398
1.48398
1.48398
1.48397
1.48397
1.48397
1.48396
1.48396
1.48396
1.48395
1.29841
1.2985
1.29864
1.29891
1.2994
1.30028
1.30216
1.30698
1.32009
1.32503
1.32729
1.32926
1.33017
1.3307
1.33118
1.33145
1.33163
1.33181
1.33192
1.33199
1.33204
1.3321
1.33214
1.33217
1.33219
1.33221
1.33222
1.33223
1.33224
1.33225
1.33225
1.33225
1.33225
1.33225
1.33225
1.33225
1.33224
1.33224
1.33224
1.33223
1.33222
1.33222
1.33222
1.33222
1.33221
1.3322
1.3322
1.33219
1.33219
1.33218
1.33218
1.33217
1.33217
1.33217
1.33216
1.33216
1.33216
1.33215
1.33215
1.33215
1.33214
1.33214
1.33214
1.33213
1.15229
1.15236
1.15246
1.15265
1.153
1.15365
1.15512
1.15953
1.17639
1.18089
1.18271
1.18474
1.18547
1.18588
1.18634
1.18654
1.18668
1.18685
1.18693
1.18698
1.18702
1.18708
1.1871
1.18712
1.18715
1.18716
1.18717
1.18718
1.18718
1.18719
1.18719
1.18719
1.18719
1.18719
1.18719
1.18718
1.18718
1.18717
1.18717
1.18717
1.18716
1.18716
1.18715
1.18715
1.18714
1.18714
1.18714
1.18713
1.18712
1.18712
1.18711
1.1871
1.1871
1.1871
1.18709
1.18709
1.18709
1.18708
1.18708
1.18708
1.18706
1.18706
1.18707
1.18706
1.01265
1.0127
1.01276
1.01287
1.01308
1.01347
1.01442
1.01785
1.03982
1.04332
1.04453
1.04672
1.04723
1.04748
1.04794
1.04807
1.04816
1.04833
1.04839
1.04842
1.04844
1.0485
1.04851
1.04853
1.04855
1.04856
1.04856
1.04857
1.04857
1.04857
1.04858
1.04857
1.04857
1.04857
1.04857
1.04857
1.04856
1.04855
1.04855
1.04855
1.04854
1.04854
1.04853
1.04853
1.04852
1.04852
1.04851
1.0485
1.0485
1.0485
1.04848
1.04848
1.04848
1.04848
1.04847
1.04847
1.04847
1.04845
1.04845
1.04845
1.04844
1.04843
1.04844
1.04843
0.879205
0.87922
0.87924
0.879277
0.879347
0.879479
0.879807
0.881397
0.910369
0.911981
0.912437
0.914923
0.915128
0.915222
0.915702
0.915753
0.915785
0.915972
0.915992
0.916002
0.916012
0.916067
0.916074
0.916078
0.916101
0.916104
0.916106
0.916112
0.916113
0.916114
0.916114
0.91611
0.91611
0.91611
0.9161
0.916099
0.916099
0.916086
0.916085
0.916084
0.916068
0.916067
0.916067
0.916066
0.91605
0.916049
0.916048
0.916031
0.91603
0.916029
0.916012
0.916011
0.91601
0.91601
0.915995
0.915995
0.915994
0.915977
0.915976
0.915976
0.915959
0.915957
0.915959
0.915958
)
;

boundaryField
{
    left
    {
        type            zeroGradient;
    }
    right
    {
        type            zeroGradient;
    }
    interface
    {
        type            fixedValue;
        value           nonuniform List<scalar> 
64
(
0.814012
0.814012
0.814012
0.814012
0.814012
0.814012
0.814012
0.814012
0.847854
0.847854
0.847854
0.850601
0.850601
0.850601
0.851116
0.851116
0.851116
0.851319
0.851319
0.851319
0.851319
0.851378
0.851378
0.851378
0.851402
0.851402
0.851402
0.851408
0.851408
0.851408
0.851408
0.851402
0.851402
0.851402
0.851391
0.851391
0.851391
0.851375
0.851375
0.851375
0.851357
0.851357
0.851357
0.851357
0.851339
0.851339
0.851339
0.851319
0.851319
0.851319
0.851299
0.851299
0.851299
0.851299
0.851282
0.851282
0.851282
0.851263
0.851263
0.851263
0.851244
0.851244
0.851244
0.851244
)
;
    }
    bottom
    {
        type            fixedValue;
        value           uniform 10;
    }
    defaultFaces
    {
        type            empty;
    }
}


// ************************************************************************* //
