/*--------------------------------*- C++ -*----------------------------------*\
| =========                 |                                                 |
| \\      /  F ield         | OpenFOAM: The Open Source CFD Toolbox           |
|  \\    /   O peration     | Version:  5.x                                   |
|   \\  /    A nd           | Web:      www.OpenFOAM.org                      |
|    \\/     M anipulation  |                                                 |
\*---------------------------------------------------------------------------*/
FoamFile
{
    version     2.0;
    format      ascii;
    class       volScalarField;
    location    "0.4";
    object      T;
}
// * * * * * * * * * * * * * * * * * * * * * * * * * * * * * * * * * * * * * //

dimensions      [0 0 0 1 0 0 0];

internalField   nonuniform List<scalar> 
2048
(
9.77739
9.77749
9.77767
9.77794
9.77829
9.77872
9.7792
9.77974
9.78031
9.78091
9.78151
9.7821
9.78268
9.78322
9.78374
9.78421
9.78464
9.78503
9.78538
9.78568
9.78595
9.78618
9.78638
9.78655
9.7867
9.78683
9.78693
9.78702
9.7871
9.78716
9.78722
9.78726
9.7873
9.78733
9.78736
9.78738
9.7874
9.78741
9.78743
9.78744
9.78745
9.78745
9.78746
9.78746
9.78747
9.78747
9.78747
9.78748
9.78748
9.78748
9.78748
9.78748
9.78748
9.78749
9.78749
9.78749
9.78749
9.78749
9.78749
9.78749
9.78749
9.78749
9.78749
9.78749
9.34186
9.34214
9.34268
9.34349
9.34454
9.3458
9.34725
9.34885
9.35055
9.35232
9.35411
9.35587
9.35758
9.35921
9.36073
9.36214
9.36341
9.36456
9.36558
9.36648
9.36727
9.36795
9.36854
9.36905
9.36948
9.36985
9.37016
9.37042
9.37065
9.37084
9.37099
9.37113
9.37124
9.37133
9.37141
9.37147
9.37153
9.37157
9.37161
9.37164
9.37167
9.37169
9.3717
9.37172
9.37173
9.37174
9.37175
9.37176
9.37176
9.37177
9.37177
9.37178
9.37178
9.37178
9.37178
9.37179
9.37179
9.37179
9.37179
9.37179
9.37179
9.37179
9.37179
9.3718
8.92522
8.92568
8.92659
8.92792
8.92965
8.93175
8.93415
8.93679
8.93961
8.94253
8.94548
8.94839
8.95121
8.95389
8.95639
8.95869
8.96078
8.96265
8.96431
8.96578
8.96706
8.96816
8.96912
8.96994
8.97064
8.97123
8.97173
8.97216
8.97252
8.97282
8.97308
8.97329
8.97347
8.97362
8.97374
8.97385
8.97393
8.974
8.97406
8.97411
8.97416
8.97419
8.97422
8.97424
8.97426
8.97428
8.97429
8.9743
8.97431
8.97432
8.97433
8.97433
8.97434
8.97434
8.97435
8.97435
8.97435
8.97436
8.97436
8.97436
8.97436
8.97436
8.97437
8.97437
8.52658
8.52722
8.52848
8.53034
8.53276
8.53568
8.53903
8.54272
8.54666
8.55074
8.55485
8.55891
8.56282
8.56653
8.56998
8.57315
8.57602
8.57858
8.58085
8.58285
8.58459
8.58609
8.58738
8.58849
8.58943
8.59023
8.59091
8.59149
8.59197
8.59237
8.59272
8.593
8.59324
8.59344
8.59361
8.59375
8.59386
8.59396
8.59404
8.59411
8.59416
8.59421
8.59425
8.59428
8.59431
8.59433
8.59435
8.59436
8.59437
8.59438
8.59439
8.5944
8.59441
8.59441
8.59442
8.59442
8.59443
8.59443
8.59443
8.59444
8.59444
8.59444
8.59444
8.59444
8.14508
8.1459
8.14751
8.1499
8.15301
8.15677
8.1611
8.16586
8.17094
8.17619
8.18148
8.18668
8.19169
8.19641
8.20079
8.2048
8.20842
8.21164
8.21449
8.21698
8.21914
8.22101
8.22261
8.22398
8.22514
8.22613
8.22697
8.22767
8.22827
8.22876
8.22918
8.22953
8.22983
8.23007
8.23028
8.23045
8.23059
8.23071
8.23081
8.23089
8.23096
8.23101
8.23106
8.2311
8.23113
8.23116
8.23118
8.2312
8.23121
8.23122
8.23123
8.23124
8.23125
8.23126
8.23127
8.23127
8.23128
8.23128
8.23129
8.23129
8.23129
8.2313
8.2313
8.2313
7.77992
7.78092
7.78289
7.78582
7.78963
7.79425
7.79957
7.80543
7.81168
7.81814
7.82463
7.831
7.8371
7.84283
7.84813
7.85295
7.85729
7.86113
7.86452
7.86747
7.87002
7.87222
7.8741
7.87571
7.87707
7.87822
7.8792
7.88002
7.8807
7.88128
7.88177
7.88217
7.88251
7.8828
7.88304
7.88323
7.8834
7.88353
7.88365
7.88374
7.88382
7.88389
7.88394
7.88398
7.88402
7.88405
7.88408
7.8841
7.88412
7.88413
7.88414
7.88415
7.88416
7.88417
7.88418
7.88418
7.88419
7.8842
7.8842
7.88421
7.88421
7.88421
7.88422
7.88422
7.43034
7.43152
7.43386
7.43732
7.44186
7.44737
7.45371
7.46072
7.46819
7.4759
7.48362
7.49117
7.49838
7.50512
7.51132
7.51693
7.52195
7.52639
7.53027
7.53364
7.53655
7.53905
7.54118
7.54299
7.54452
7.54582
7.54691
7.54783
7.5486
7.54925
7.54979
7.55024
7.55062
7.55094
7.5512
7.55142
7.5516
7.55176
7.55188
7.55199
7.55208
7.55215
7.55221
7.55226
7.5523
7.55233
7.55236
7.55238
7.5524
7.55242
7.55243
7.55244
7.55245
7.55246
7.55247
7.55248
7.55249
7.55249
7.5525
7.5525
7.55251
7.55251
7.55252
7.55251
7.09562
7.09698
7.09969
7.10371
7.10898
7.1154
7.12282
7.13102
7.13977
7.14878
7.15779
7.16655
7.17488
7.18263
7.18971
7.19609
7.20176
7.20674
7.21109
7.21484
7.21807
7.22083
7.22317
7.22516
7.22684
7.22826
7.22945
7.23045
7.23129
7.23199
7.23258
7.23307
7.23348
7.23383
7.23411
7.23435
7.23455
7.23471
7.23485
7.23496
7.23506
7.23514
7.2352
7.23525
7.2353
7.23533
7.23536
7.23539
7.23541
7.23543
7.23544
7.23545
7.23547
7.23548
7.23548
7.23549
7.2355
7.23551
7.23551
7.23552
7.23553
7.23553
7.23553
7.23553
6.77509
6.77663
6.7797
6.78428
6.7903
6.79767
6.8062
6.81567
6.82576
6.83614
6.84649
6.85651
6.86597
6.87472
6.88267
6.88979
6.89607
6.90157
6.90633
6.91043
6.91393
6.91692
6.91945
6.92158
6.92339
6.9249
6.92617
6.92724
6.92814
6.92888
6.92951
6.93003
6.93047
6.93083
6.93113
6.93138
6.93159
6.93177
6.93191
6.93203
6.93213
6.93222
6.93228
6.93234
6.93239
6.93242
6.93245
6.93248
6.9325
6.93252
6.93254
6.93255
6.93256
6.93257
6.93258
6.93259
6.9326
6.93261
6.93261
6.93262
6.93262
6.93263
6.93263
6.93263
6.4681
6.46982
6.47325
6.47839
6.48518
6.49352
6.50323
6.51402
6.52554
6.53737
6.54912
6.56043
6.57105
6.5808
6.5896
6.59741
6.60427
6.61024
6.61537
6.61977
6.62352
6.62669
6.62937
6.63163
6.63353
6.63513
6.63646
6.63758
6.63852
6.6393
6.63995
6.6405
6.64095
6.64133
6.64164
6.64191
6.64213
6.64231
6.64246
6.64258
6.64268
6.64277
6.64284
6.6429
6.64295
6.64298
6.64302
6.64304
6.64307
6.64308
6.6431
6.64311
6.64313
6.64314
6.64315
6.64316
6.64316
6.64317
6.64318
6.64319
6.64319
6.6432
6.6432
6.6432
6.17405
6.17595
6.17973
6.18542
6.19298
6.20232
6.21326
6.22546
6.2385
6.25187
6.26509
6.27774
6.28953
6.30028
6.3099
6.31838
6.32578
6.33216
6.33763
6.34229
6.34623
6.34956
6.35236
6.35472
6.35669
6.35834
6.35973
6.36088
6.36184
6.36265
6.36332
6.36388
6.36435
6.36473
6.36506
6.36533
6.36555
6.36574
6.36589
6.36602
6.36612
6.36621
6.36628
6.36634
6.36639
6.36643
6.36646
6.36649
6.36651
6.36653
6.36655
6.36656
6.36657
6.36658
6.36659
6.3666
6.36661
6.36662
6.36663
6.36664
6.36664
6.36665
6.36665
6.36665
5.89237
5.89443
5.89855
5.90478
5.91311
5.92349
5.93571
5.94941
5.96408
5.97909
5.99386
6.0079
6.02087
6.0326
6.04301
6.05212
6.06
6.06676
6.07251
6.07738
6.08149
6.08494
6.08783
6.09025
6.09228
6.09397
6.09538
6.09656
6.09754
6.09836
6.09904
6.09961
6.10008
6.10048
6.10081
6.10108
6.10131
6.10149
6.10165
6.10178
6.10189
6.10197
6.10205
6.10211
6.10215
6.10219
6.10223
6.10225
6.10228
6.10229
6.10231
6.10232
6.10234
6.10235
6.10236
6.10237
6.10238
6.10239
6.10239
6.1024
6.10241
6.10241
6.10242
6.10242
5.62252
5.62473
5.62916
5.6359
5.645
5.65642
5.66999
5.6853
5.70171
5.71848
5.73488
5.75036
5.76454
5.77723
5.7884
5.79808
5.8064
5.81348
5.81947
5.82451
5.82873
5.83227
5.83522
5.83769
5.83975
5.84146
5.84289
5.84407
5.84506
5.84589
5.84657
5.84714
5.84762
5.84802
5.84835
5.84862
5.84885
5.84903
5.84919
5.84932
5.84942
5.84951
5.84958
5.84964
5.84969
5.84973
5.84976
5.84979
5.84981
5.84983
5.84985
5.84986
5.84987
5.84988
5.84989
5.8499
5.84991
5.84992
5.84993
5.84994
5.84994
5.84995
5.84995
5.84995
5.36399
5.36632
5.37105
5.37827
5.38811
5.40058
5.41555
5.43257
5.45088
5.46954
5.48767
5.50463
5.52001
5.53364
5.54552
5.55573
5.56443
5.57178
5.57796
5.58312
5.58743
5.59102
5.59401
5.59649
5.59856
5.60028
5.60171
5.60289
5.60388
5.6047
5.60539
5.60595
5.60643
5.60682
5.60715
5.60742
5.60765
5.60783
5.60799
5.60812
5.60822
5.60831
5.60838
5.60844
5.60848
5.60852
5.60855
5.60858
5.6086
5.60862
5.60863
5.60865
5.60866
5.60867
5.60868
5.60869
5.6087
5.60871
5.60872
5.60873
5.60873
5.60874
5.60874
5.60874
5.1163
5.11874
5.1237
5.13136
5.1419
5.15543
5.17186
5.19072
5.21109
5.23179
5.25174
5.27022
5.2868
5.30133
5.31387
5.32456
5.33358
5.34115
5.34746
5.3527
5.35706
5.36067
5.36366
5.36615
5.36821
5.36992
5.37134
5.37251
5.37349
5.3743
5.37498
5.37554
5.37601
5.37639
5.37672
5.37699
5.37721
5.37739
5.37754
5.37767
5.37777
5.37786
5.37793
5.37798
5.37803
5.37807
5.3781
5.37812
5.37814
5.37816
5.37817
5.37818
5.3782
5.37821
5.37822
5.37823
5.37824
5.37825
5.37825
5.37826
5.37827
5.37827
5.37828
5.37827
4.87898
4.8815
4.88667
4.8947
4.90588
4.92044
4.93839
4.95923
4.98186
5.00476
5.02663
5.04667
5.06443
5.07983
5.09298
5.10406
5.11335
5.12108
5.12748
5.13276
5.13713
5.14073
5.14371
5.14617
5.14821
5.14989
5.15129
5.15245
5.15341
5.1542
5.15486
5.15542
5.15587
5.15625
5.15657
5.15683
5.15705
5.15723
5.15738
5.1575
5.1576
5.15768
5.15775
5.1578
5.15785
5.15788
5.15791
5.15794
5.15796
5.15797
5.15799
5.158
5.15801
5.15802
5.15803
5.15804
5.15805
5.15806
5.15807
5.15807
5.15808
5.15808
5.15809
5.15808
4.65162
4.6542
4.65951
4.66783
4.67958
4.69513
4.71463
4.73761
4.76273
4.78802
4.81192
4.83355
4.85247
4.86867
4.88235
4.89377
4.90326
4.91109
4.91753
4.92282
4.92716
4.93072
4.93366
4.93608
4.93808
4.93974
4.9411
4.94223
4.94317
4.94394
4.94459
4.94512
4.94557
4.94594
4.94625
4.9465
4.94671
4.94689
4.94703
4.94715
4.94725
4.94733
4.94739
4.94744
4.94748
4.94752
4.94755
4.94757
4.94759
4.9476
4.94762
4.94763
4.94764
4.94764
4.94765
4.94766
4.94767
4.94768
4.94769
4.9477
4.9477
4.94771
4.94771
4.9477
4.43381
4.43641
4.44179
4.45032
4.46255
4.47901
4.50009
4.5254
4.55329
4.58118
4.6072
4.63043
4.65047
4.6674
4.68154
4.69323
4.70285
4.71073
4.71717
4.72241
4.72669
4.7302
4.73308
4.73544
4.7374
4.739
4.74033
4.74143
4.74233
4.74308
4.7437
4.74422
4.74465
4.74501
4.74531
4.74556
4.74576
4.74593
4.74607
4.74618
4.74627
4.74635
4.74641
4.74646
4.7465
4.74653
4.74656
4.74658
4.7466
4.74661
4.74662
4.74663
4.74664
4.74665
4.74666
4.74667
4.74668
4.74668
4.74669
4.7467
4.7467
4.74671
4.74671
4.74671
4.22516
4.22774
4.23314
4.24177
4.25434
4.27163
4.2943
4.32212
4.35313
4.38386
4.41207
4.43691
4.45801
4.47559
4.4901
4.50198
4.51167
4.51956
4.52595
4.53111
4.5353
4.53872
4.54152
4.54382
4.54571
4.54727
4.54855
4.5496
4.55047
4.55119
4.55179
4.55229
4.55271
4.55305
4.55334
4.55358
4.55377
4.55393
4.55406
4.55417
4.55426
4.55433
4.55439
4.55444
4.55447
4.55451
4.55453
4.55455
4.55456
4.55458
4.55459
4.5546
4.5546
4.55461
4.55462
4.55463
4.55464
4.55464
4.55465
4.55466
4.55466
4.55467
4.55467
4.55467
4.02532
4.02784
4.03318
4.0418
4.05457
4.07254
4.09676
4.12731
4.1619
4.1957
4.22617
4.2526
4.27469
4.29281
4.30762
4.31961
4.3293
4.33715
4.34344
4.34849
4.35256
4.35587
4.35858
4.3608
4.36262
4.36412
4.36535
4.36636
4.36719
4.36788
4.36845
4.36893
4.36933
4.36966
4.36993
4.37016
4.37034
4.37049
4.37062
4.37072
4.37081
4.37087
4.37093
4.37097
4.37101
4.37104
4.37106
4.37108
4.37109
4.3711
4.37111
4.37112
4.37113
4.37113
4.37114
4.37115
4.37116
4.37116
4.37117
4.37118
4.37118
4.37119
4.37119
4.37119
3.83392
3.83636
3.84155
3.85004
3.86284
3.88131
3.907
3.94053
3.97927
4.0164
4.04913
4.07715
4.10012
4.11866
4.13368
4.14571
4.15533
4.16309
4.16926
4.17414
4.17807
4.18127
4.18387
4.18599
4.18774
4.18917
4.19034
4.1913
4.1921
4.19275
4.19329
4.19375
4.19413
4.19444
4.1947
4.19492
4.19509
4.19524
4.19536
4.19545
4.19553
4.19559
4.19565
4.19569
4.19572
4.19575
4.19577
4.19578
4.19579
4.1958
4.19581
4.19582
4.19583
4.19583
4.19584
4.19584
4.19585
4.19586
4.19587
4.19587
4.19588
4.19588
4.19588
4.19588
3.65064
3.65297
3.65794
3.66617
3.67881
3.69754
3.72456
3.7613
3.80495
3.84567
3.8806
3.91019
3.93392
3.95275
3.9679
3.97987
3.98936
3.997
4.003
4.0077
4.01145
4.01452
4.017
4.01902
4.02069
4.02205
4.02316
4.02407
4.02482
4.02543
4.02594
4.02638
4.02674
4.02704
4.02729
4.02749
4.02765
4.02779
4.0279
4.02799
4.02807
4.02813
4.02817
4.02821
4.02824
4.02826
4.02828
4.0283
4.02831
4.02832
4.02832
4.02833
4.02833
4.02834
4.02834
4.02835
4.02836
4.02836
4.02837
4.02838
4.02838
4.02839
4.02839
4.02839
3.47517
3.47734
3.48203
3.48986
3.50214
3.52085
3.54897
3.58913
3.63873
3.68324
3.72023
3.75138
3.77574
3.79468
3.8099
3.82173
3.83102
3.83851
3.84431
3.84878
3.85234
3.85527
3.85762
3.85954
3.86112
3.8624
3.86345
3.86431
3.86501
3.86558
3.86606
3.86648
3.86682
3.8671
3.86733
3.86752
3.86768
3.86781
3.86791
3.86799
3.86806
3.86812
3.86816
3.8682
3.86822
3.86824
3.86826
3.86827
3.86828
3.86829
3.86829
3.8683
3.8683
3.86831
3.86831
3.86832
3.86832
3.86833
3.86833
3.86834
3.86834
3.86836
3.86836
3.86835
3.30719
3.30919
3.31352
3.32084
3.33253
3.35089
3.37974
3.42349
3.48046
3.52888
3.56765
3.60042
3.6252
3.64407
3.65931
3.67091
3.67992
3.68727
3.69284
3.69705
3.70038
3.70317
3.70539
3.70719
3.70869
3.70989
3.71087
3.71168
3.71234
3.71286
3.71331
3.7137
3.71403
3.71429
3.71451
3.71469
3.71483
3.71495
3.71504
3.71512
3.71519
3.71524
3.71528
3.71531
3.71533
3.71535
3.71536
3.71537
3.71538
3.71539
3.71539
3.7154
3.7154
3.7154
3.71541
3.71541
3.71541
3.71542
3.71542
3.71543
3.71543
3.71545
3.71545
3.71545
3.14642
3.14822
3.15213
3.15883
3.16971
3.18733
3.21642
3.26378
3.3301
3.3824
3.42247
3.45701
3.48199
3.50053
3.51581
3.52708
3.53572
3.54295
3.54825
3.55215
3.55525
3.55791
3.55998
3.56165
3.56308
3.5642
3.5651
3.56587
3.56647
3.56695
3.56736
3.56774
3.56804
3.56828
3.56849
3.56865
3.56879
3.5689
3.56899
3.56906
3.56911
3.56916
3.5692
3.56922
3.56924
3.56926
3.56927
3.56928
3.56929
3.56929
3.5693
3.5693
3.5693
3.5693
3.5693
3.56931
3.56931
3.56931
3.56932
3.56933
3.56933
3.56935
3.56935
3.56934
2.99257
2.99416
2.9976
3.00356
3.01342
3.02988
3.05854
3.10931
3.18776
3.24359
3.28427
3.32088
3.34575
3.36369
3.37907
3.3899
3.39808
3.40523
3.41023
3.41378
3.41661
3.41916
3.42108
3.42261
3.42397
3.425
3.42582
3.42655
3.4271
3.42753
3.4279
3.42827
3.42855
3.42878
3.42897
3.42912
3.42924
3.42935
3.42943
3.42949
3.42954
3.42959
3.42962
3.42964
3.42966
3.42967
3.42968
3.42969
3.42969
3.4297
3.4297
3.4297
3.4297
3.4297
3.4297
3.42971
3.42971
3.42971
3.42971
3.42973
3.42973
3.42974
3.42975
3.42974
2.84537
2.84673
2.84967
2.85481
2.86344
2.8783
2.90569
2.95921
3.05372
3.11226
3.15257
3.19184
3.21618
3.23315
3.24881
3.25904
3.26664
3.27382
3.27848
3.28163
3.28417
3.28664
3.28839
3.28977
3.29108
3.29201
3.29275
3.29345
3.29394
3.29431
3.29465
3.29502
3.29527
3.29548
3.29566
3.2958
3.2959
3.296
3.29607
3.29613
3.29618
3.29622
3.29624
3.29626
3.29628
3.29629
3.2963
3.2963
3.29631
3.29631
3.29631
3.29631
3.29631
3.29631
3.29631
3.29631
3.29631
3.29631
3.29632
3.29633
3.29634
3.29635
3.29636
3.29635
2.70456
2.70567
2.70808
2.71234
2.71958
2.7324
2.75747
2.81242
2.92852
2.98824
3.02678
3.06974
3.09296
3.10852
3.12477
3.13422
3.14107
3.14846
3.1527
3.15539
3.15761
3.16006
3.16163
3.16284
3.16412
3.16495
3.1656
3.16628
3.16671
3.16703
3.16732
3.16769
3.16792
3.1681
3.16828
3.1684
3.1685
3.16859
3.16865
3.1687
3.16875
3.16878
3.1688
3.16882
3.16883
3.16884
3.16885
3.16885
3.16885
3.16885
3.16885
3.16885
3.16885
3.16885
3.16885
3.16885
3.16885
3.16885
3.16885
3.16886
3.16887
3.16889
3.16889
3.16888
2.56987
2.57074
2.57261
2.57593
2.58165
2.59203
2.61358
2.6676
2.81303
2.87127
2.90625
2.95451
2.97578
2.98937
3.00675
3.01513
3.02105
3.0289
3.03262
3.03481
3.03666
3.03917
3.04052
3.04154
3.04284
3.04355
3.04409
3.04477
3.04514
3.04539
3.04565
3.04604
3.04624
3.04639
3.04657
3.04667
3.04675
3.04684
3.04689
3.04693
3.04698
3.047
3.04702
3.04703
3.04705
3.04705
3.04706
3.04706
3.04706
3.04706
3.04705
3.04705
3.04705
3.04705
3.04705
3.04705
3.04705
3.04704
3.04704
3.04706
3.04707
3.04708
3.04709
3.04708
2.44107
2.44169
2.44301
2.44538
2.44948
2.4571
2.47383
2.52298
2.70856
2.76107
2.79016
2.84622
2.86431
2.87525
2.89458
2.90149
2.90622
2.91493
2.91798
2.9196
2.92104
2.92374
2.92482
2.92561
2.92699
2.92755
2.92797
2.92869
2.92898
2.92917
2.92936
2.9298
2.92996
2.93008
2.93027
2.93035
2.93041
2.9305
2.93054
2.93057
2.93062
2.93064
2.93065
2.93066
2.93067
2.93068
2.93068
2.93068
2.93068
2.93068
2.93067
2.93067
2.93067
2.93067
2.93066
2.93066
2.93066
2.93065
2.93065
2.93066
2.93069
2.9307
2.9307
2.9307
2.31792
2.31828
2.31907
2.32047
2.32293
2.32755
2.33825
2.37631
2.61694
2.65719
2.67755
2.74509
2.75824
2.76568
2.78816
2.79304
2.79624
2.80637
2.80852
2.80952
2.81047
2.81353
2.81427
2.8148
2.81633
2.81672
2.817
2.81779
2.81799
2.8181
2.81823
2.81874
2.81885
2.81893
2.81914
2.81919
2.81923
2.81933
2.81936
2.81938
2.81943
2.81944
2.81945
2.81946
2.81947
2.81947
2.81947
2.81946
2.81946
2.81946
2.81945
2.81945
2.81945
2.81945
2.81944
2.81944
2.81944
2.81943
2.81943
2.81944
2.81947
2.81948
2.81948
2.81948
2.20017
2.20029
2.20055
2.20101
2.20183
2.20337
2.20709
2.22464
2.54072
2.55904
2.56725
2.65153
2.65719
2.66011
2.68746
2.68949
2.69076
2.70309
2.70398
2.70432
2.70469
2.70834
2.70864
2.70885
2.71065
2.71081
2.71091
2.71184
2.71192
2.71196
2.71201
2.71263
2.71267
2.7127
2.71295
2.71297
2.71299
2.7131
2.71311
2.71312
2.71318
2.71318
2.71319
2.71319
2.71319
2.7132
2.7132
2.71319
2.71319
2.71319
2.71317
2.71317
2.71317
2.71317
2.71316
2.71315
2.71315
2.71314
2.71314
2.71314
2.71319
2.71319
2.7132
2.7132
)
;

boundaryField
{
    left
    {
        type            zeroGradient;
    }
    right
    {
        type            zeroGradient;
    }
    interface
    {
        type            fixedValue;
        value           nonuniform List<scalar> 
64
(
2.14263
2.14263
2.14263
2.14263
2.14263
2.14263
2.14263
2.14263
2.51135
2.51135
2.51135
2.6079
2.6079
2.6079
2.63893
2.63893
2.63893
2.65293
2.65293
2.65293
2.65293
2.65704
2.65704
2.65704
2.65907
2.65907
2.65907
2.66011
2.66011
2.66011
2.66011
2.66081
2.66081
2.66081
2.66108
2.66108
2.66108
2.66121
2.66121
2.66121
2.66128
2.66128
2.66128
2.66128
2.66128
2.66128
2.66128
2.66127
2.66127
2.66127
2.66125
2.66125
2.66125
2.66125
2.66123
2.66123
2.66123
2.66122
2.66122
2.66122
2.66128
2.66128
2.66128
2.66128
)
;
    }
    bottom
    {
        type            fixedValue;
        value           uniform 10;
    }
    defaultFaces
    {
        type            empty;
    }
}


// ************************************************************************* //
