/*--------------------------------*- C++ -*----------------------------------*\
| =========                 |                                                 |
| \\      /  F ield         | OpenFOAM: The Open Source CFD Toolbox           |
|  \\    /   O peration     | Version:  5.x                                   |
|   \\  /    A nd           | Web:      www.OpenFOAM.org                      |
|    \\/     M anipulation  |                                                 |
\*---------------------------------------------------------------------------*/
FoamFile
{
    version     2.0;
    format      ascii;
    class       volScalarField;
    location    "2.3";
    object      T;
}
// * * * * * * * * * * * * * * * * * * * * * * * * * * * * * * * * * * * * * //

dimensions      [0 0 0 1 0 0 0];

internalField   nonuniform List<scalar> 
2048
(
9.84373
9.84432
9.84548
9.84721
9.84947
9.85223
9.85545
9.85908
9.86304
9.86726
9.87168
9.8762
9.88076
9.88529
9.88972
9.89402
9.89812
9.90202
9.90567
9.90908
9.91223
9.91513
9.91778
9.9202
9.92239
9.92438
9.92618
9.92779
9.92925
9.93056
9.93174
9.93279
9.93374
9.93459
9.93536
9.93604
9.93666
9.9372
9.9377
9.93813
9.93852
9.93887
9.93918
9.93945
9.93969
9.93991
9.9401
9.94027
9.94041
9.94055
9.94066
9.94077
9.94086
9.94094
9.94101
9.94107
9.94113
9.94117
9.94121
9.94125
9.94127
9.94129
9.94131
9.94131
9.53755
9.53929
9.54274
9.54786
9.55457
9.56278
9.57235
9.58312
9.59489
9.60744
9.62055
9.63399
9.64753
9.66096
9.67412
9.68684
9.69901
9.71053
9.72135
9.73142
9.74074
9.74931
9.75714
9.76428
9.77076
9.77662
9.78191
9.78668
9.79097
9.79483
9.7983
9.80141
9.80421
9.80672
9.80897
9.81099
9.8128
9.81442
9.81586
9.81715
9.8183
9.81932
9.82023
9.82103
9.82175
9.82238
9.82294
9.82343
9.82387
9.82426
9.8246
9.8249
9.82517
9.82541
9.82562
9.8258
9.82597
9.82611
9.82622
9.82632
9.8264
9.82646
9.8265
9.82652
9.24346
9.24631
9.25198
9.26039
9.27144
9.28496
9.30073
9.31848
9.33788
9.35857
9.38017
9.4023
9.42458
9.44667
9.46828
9.48916
9.5091
9.52797
9.54566
9.56212
9.57733
9.5913
9.60407
9.61569
9.62623
9.63576
9.64436
9.65211
9.65908
9.66535
9.67098
9.67603
9.68058
9.68465
9.68831
9.69158
9.69452
9.69715
9.69949
9.70158
9.70345
9.70511
9.70658
9.70788
9.70904
9.71006
9.71097
9.71177
9.71248
9.71311
9.71366
9.71416
9.71459
9.71498
9.71532
9.71562
9.71588
9.7161
9.7163
9.71646
9.71658
9.71668
9.71674
9.71678
8.96026
8.9642
8.97204
8.98369
8.999
9.01775
9.03964
9.06428
9.09123
9.11996
9.14995
9.18064
9.21152
9.2421
9.27197
9.30078
9.32827
9.35423
9.37853
9.40111
9.42195
9.44106
9.45851
9.47437
9.48874
9.50173
9.51344
9.52399
9.53347
9.54199
9.54965
9.55652
9.5627
9.56824
9.57321
9.57766
9.58165
9.58522
9.58841
9.59126
9.59379
9.59604
9.59804
9.59981
9.60138
9.60277
9.604
9.60509
9.60605
9.6069
9.60765
9.60832
9.60891
9.60943
9.60989
9.6103
9.61066
9.61097
9.61123
9.61145
9.61162
9.61175
9.61184
9.61189
8.68696
8.69197
8.70195
8.71679
8.73631
8.76025
8.78822
8.81975
8.85424
8.89102
8.92937
8.96859
9.00798
9.04694
9.08492
9.1215
9.15632
9.18915
9.21982
9.24827
9.27447
9.29847
9.32034
9.3402
9.35817
9.3744
9.38902
9.40217
9.41399
9.42461
9.43415
9.44271
9.4504
9.45731
9.4635
9.46905
9.47402
9.47847
9.48244
9.48598
9.48914
9.49194
9.49443
9.49663
9.49858
9.50031
9.50183
9.50318
9.50437
9.50543
9.50636
9.50719
9.50793
9.50858
9.50915
9.50966
9.51011
9.51049
9.51082
9.5111
9.51132
9.51148
9.51159
9.51165
8.42272
8.42879
8.44087
8.45885
8.48256
8.51168
8.54577
8.58422
8.62631
8.67118
8.71796
8.76572
8.81362
8.8609
8.9069
8.95109
8.99307
9.03256
9.06937
9.10344
9.13474
9.16337
9.18941
9.21302
9.23436
9.25359
9.27091
9.28648
9.30046
9.31302
9.3243
9.33442
9.34352
9.35168
9.359
9.36556
9.37144
9.3767
9.3814
9.38558
9.38931
9.39261
9.39555
9.39815
9.40045
9.40248
9.40428
9.40586
9.40727
9.40851
9.40961
9.41059
9.41145
9.41222
9.4129
9.4135
9.41403
9.41449
9.41488
9.41521
9.41547
9.41566
9.4158
9.41586
8.16685
8.17394
8.18809
8.20919
8.23706
8.27137
8.31161
8.35708
8.40688
8.45998
8.51528
8.57166
8.62811
8.68369
8.73763
8.78933
8.83831
8.88426
8.92699
8.96642
9.00258
9.03557
9.06552
9.09263
9.1171
9.13913
9.15893
9.17672
9.19269
9.20703
9.2199
9.23146
9.24183
9.25115
9.25951
9.26701
9.27372
9.27972
9.28508
9.28986
9.2941
9.29787
9.30122
9.30417
9.30679
9.3091
9.31114
9.31294
9.31454
9.31595
9.3172
9.31831
9.31929
9.32017
9.32094
9.32163
9.32223
9.32276
9.32321
9.32359
9.32389
9.32412
9.32427
9.32435
7.91874
7.92684
7.94301
7.96719
7.9992
8.03872
8.08519
8.13779
8.19547
8.25698
8.32096
8.38609
8.45115
8.51504
8.57689
8.63598
8.69181
8.74403
8.79245
8.83701
8.87777
8.91486
8.94847
8.97883
9.00618
9.03078
9.05287
9.07269
9.09047
9.10642
9.12074
9.1336
9.14515
9.15552
9.16483
9.17318
9.18066
9.18734
9.1933
9.19862
9.20334
9.20753
9.21124
9.21452
9.21742
9.21998
9.22224
9.22424
9.226
9.22756
9.22894
9.23017
9.23126
9.23223
9.2331
9.23386
9.23454
9.23513
9.23564
9.23606
9.2364
9.23666
9.23684
9.23692
7.67792
7.68699
7.70512
7.73231
7.76843
7.81318
7.86597
7.92587
7.99164
8.06177
8.13465
8.20869
8.28246
8.3547
8.42441
8.49081
8.55334
8.61165
8.66554
8.71498
8.76007
8.801
8.83801
8.87137
8.90138
8.92832
8.95249
8.97415
8.99357
9.01098
9.02661
9.04065
9.05327
9.0646
9.07477
9.08389
9.09206
9.09936
9.10588
9.11168
9.11683
9.1214
9.12544
9.12901
9.13216
9.13494
9.13739
9.13956
9.14147
9.14317
9.14467
9.146
9.14719
9.14824
9.14919
9.15002
9.15077
9.15142
9.15198
9.15245
9.15283
9.15312
9.15331
9.15341
7.44398
7.45397
7.47399
7.50411
7.54429
7.59427
7.65347
7.72086
7.79497
7.874
7.95603
8.03919
8.12179
8.20242
8.27997
8.35358
8.42267
8.48687
8.546
8.60008
8.64924
8.69374
8.73389
8.77
8.80243
8.8315
8.85754
8.88086
8.90175
8.92048
8.93729
8.95239
8.96596
8.97816
8.98911
8.99894
9.00773
9.0156
9.02261
9.02885
9.03439
9.0393
9.04363
9.04746
9.05083
9.0538
9.05642
9.05874
9.06078
9.06259
9.0642
9.06562
9.06689
9.06803
9.06904
9.06994
9.07075
9.07145
9.07206
9.07258
9.073
9.07332
9.07353
9.07364
7.21659
7.22744
7.24925
7.28218
7.32632
7.38154
7.44726
7.52235
7.6051
7.69336
7.78483
7.87732
7.96889
8.05797
8.14332
8.22405
8.29955
8.36945
8.43359
8.49205
8.54502
8.59283
8.63585
8.67447
8.70909
8.74008
8.7678
8.7926
8.8148
8.83469
8.85255
8.8686
8.88303
8.89601
8.90767
8.91813
8.92749
8.93586
8.94332
8.94995
8.95584
8.96104
8.96564
8.96968
8.97325
8.97639
8.97916
8.9816
8.98376
8.98567
8.98736
8.98886
8.99021
8.99141
8.99249
8.99345
8.99431
8.99507
8.99573
8.99629
8.99675
8.9971
8.99733
8.99745
6.99548
7.00712
7.03059
7.06618
7.11416
7.17457
7.2469
7.32994
7.42168
7.51955
7.62079
7.72286
7.82355
7.92112
8.01424
8.10199
8.18374
8.25914
8.32806
8.39063
8.44713
8.49798
8.54362
8.58451
8.6211
8.6538
8.68302
8.70912
8.73246
8.75338
8.77216
8.78906
8.80426
8.81794
8.83023
8.84126
8.85114
8.85996
8.86782
8.87481
8.881
8.88647
8.89129
8.89553
8.89926
8.90254
8.90543
8.90798
8.91024
8.91223
8.914
8.91557
8.91698
8.91824
8.91937
8.92039
8.9213
8.92211
8.92282
8.92343
8.92392
8.9243
8.92455
8.92468
6.78045
6.79279
6.81775
6.8558
6.90746
6.97297
7.05201
7.14328
7.24441
7.3523
7.4637
7.57561
7.68556
7.79164
7.89249
7.98714
8.07499
8.15568
8.22914
8.29555
8.35531
8.40892
8.45693
8.49986
8.5382
8.57242
8.60294
8.63018
8.65452
8.67633
8.69592
8.71356
8.72945
8.74376
8.75662
8.76816
8.7785
8.78772
8.79594
8.80324
8.8097
8.8154
8.82041
8.82482
8.82869
8.83209
8.83509
8.83773
8.84006
8.84212
8.84395
8.84558
8.84704
8.84835
8.84954
8.85061
8.85157
8.85243
8.85318
8.85383
8.85436
8.85477
8.85504
8.85518
6.57135
6.58428
6.61052
6.65079
6.70588
6.77639
6.8622
6.962
7.07299
7.19141
7.31334
7.43537
7.55471
7.66934
7.77784
7.87927
7.97304
8.05882
8.13658
8.20655
8.26927
8.32537
8.3755
8.42024
8.46013
8.49567
8.52733
8.55555
8.58075
8.60332
8.62361
8.6419
8.65841
8.67328
8.68665
8.69865
8.70939
8.71898
8.72751
8.73509
8.74178
8.74768
8.75286
8.7574
8.76138
8.76488
8.76796
8.77068
8.77307
8.77519
8.77707
8.77875
8.78025
8.78161
8.78284
8.78395
8.78496
8.78587
8.78667
8.78736
8.78792
8.78836
8.78866
8.78881
6.36806
6.38145
6.40875
6.45092
6.50914
6.58445
6.67709
6.78576
6.90717
7.03665
7.16955
7.30198
7.43083
7.55398
7.67006
7.77813
7.87764
7.96831
8.0501
8.12334
8.18873
8.24706
8.29906
8.34538
8.38663
8.42332
8.45596
8.48501
8.51092
8.53413
8.55502
8.57388
8.59093
8.6063
8.62013
8.63254
8.64364
8.65355
8.66237
8.67018
8.67709
8.68315
8.68846
8.69312
8.69719
8.70077
8.70392
8.70669
8.70913
8.71129
8.71321
8.71493
8.71647
8.71786
8.71913
8.72029
8.72134
8.72229
8.72314
8.72387
8.72448
8.72494
8.72526
8.72542
6.1705
6.18421
6.2123
6.256
6.31697
6.39682
6.4963
6.61423
6.74671
6.88786
7.03219
7.17528
7.31373
7.44537
7.56892
7.68346
7.78852
7.88388
7.96945
8.04566
8.11342
8.17371
8.22734
8.27504
8.31746
8.35513
8.38859
8.41833
8.44482
8.46855
8.48994
8.50931
8.52684
8.54266
8.5569
8.56968
8.5811
8.59129
8.60035
8.60838
8.61546
8.62167
8.62709
8.63182
8.63597
8.6396
8.6428
8.64561
8.6481
8.65029
8.65224
8.65398
8.65555
8.65698
8.65828
8.65948
8.66057
8.66156
8.66245
8.66323
8.66388
8.66438
8.66472
8.66489
5.97862
5.9925
6.02106
6.06588
6.12914
6.21316
6.31944
6.44707
6.5914
6.74491
6.90111
7.05515
7.20324
7.34327
7.47416
7.59499
7.70542
7.80529
7.89438
7.97324
8.04305
8.10503
8.16006
8.20895
8.25237
8.29087
8.325
8.3553
8.38225
8.40637
8.42818
8.448
8.46596
8.48219
8.4968
8.50989
8.52159
8.53203
8.54131
8.54952
8.55676
8.56308
8.56858
8.57338
8.57757
8.58125
8.58448
8.58733
8.58984
8.59206
8.59403
8.59579
8.59737
8.59882
8.60016
8.60139
8.60252
8.60356
8.60449
8.60531
8.606
8.60654
8.6069
8.60708
5.7924
5.80628
5.83499
5.88044
5.94542
6.03314
6.1461
6.28394
6.44108
6.6077
6.77621
6.94146
7.09919
7.24747
7.38556
7.51248
7.62808
7.73228
7.82465
7.9058
7.97733
8.04076
8.09698
8.14685
8.19114
8.23032
8.26499
8.29572
8.323
8.34742
8.36955
8.38976
8.40812
8.42471
8.43965
8.45303
8.46497
8.47563
8.48509
8.49347
8.50084
8.50726
8.51282
8.51765
8.52187
8.52558
8.52883
8.5317
8.53422
8.53645
8.53844
8.54021
8.54181
8.54328
8.54464
8.5459
8.54707
8.54815
8.54913
8.54999
8.55073
8.5513
8.55169
8.55188
5.61182
5.62552
5.65403
5.69959
5.76564
5.85644
5.97585
6.12445
6.29563
6.47616
6.65737
6.83412
7.00142
7.15773
7.30287
7.43565
7.55619
7.66464
7.76001
7.84307
7.91598
7.98062
8.03783
8.08851
8.13353
8.17327
8.20834
8.2394
8.2669
8.29148
8.31387
8.33445
8.35316
8.37008
8.38533
8.39895
8.4111
8.42195
8.43157
8.44008
8.44758
8.45407
8.45966
8.4645
8.46874
8.47246
8.47572
8.4786
8.48113
8.48337
8.48536
8.48713
8.48873
8.49021
8.4916
8.4929
8.4941
8.49522
8.49624
8.49716
8.49794
8.49856
8.49896
8.49917
5.43688
5.45023
5.47817
5.52327
5.58964
5.68274
5.80823
5.96822
6.155
6.35028
6.54447
6.73306
6.90976
7.07377
7.22585
7.36421
7.48947
7.60214
7.70027
7.78479
7.8587
7.92438
7.98237
8.03369
8.07934
8.1195
8.15486
8.18617
8.21376
8.23839
8.26095
8.28189
8.30094
8.31815
8.33368
8.34752
8.35983
8.37085
8.38061
8.38924
8.39685
8.4034
8.40899
8.41382
8.41806
8.42177
8.42503
8.42791
8.43045
8.43268
8.43467
8.43643
8.43803
8.43952
8.44094
8.44226
8.44349
8.44465
8.44572
8.44669
8.44753
8.44818
8.44862
8.44883
5.26758
5.28041
5.30741
5.35145
5.41729
5.51175
5.64272
5.81478
6.01925
6.23007
6.43738
6.63822
6.82405
6.9953
7.1543
7.29791
7.42759
7.54459
7.64521
7.73068
7.8052
7.87178
7.93037
7.98216
8.02839
8.06885
8.10436
8.13586
8.16343
8.18795
8.21062
8.23195
8.25131
8.26877
8.28458
8.29859
8.31104
8.32221
8.33208
8.3408
8.34853
8.35512
8.36067
8.36547
8.3697
8.3734
8.37665
8.37953
8.38206
8.38428
8.38626
8.38802
8.3896
8.3911
8.39254
8.39388
8.39515
8.39635
8.39746
8.39848
8.39939
8.40008
8.40054
8.40076
5.10392
5.11606
5.14177
5.18414
5.24854
5.34319
5.47879
5.66358
5.88858
6.11561
6.33587
6.54962
6.74412
6.92197
7.08802
7.23644
7.37019
7.49184
7.59468
7.68047
7.75517
7.82261
7.88161
7.93366
7.98048
8.02112
8.05665
8.08832
8.11575
8.14001
8.16271
8.18449
8.20415
8.22181
8.23791
8.25205
8.26458
8.27591
8.28586
8.29465
8.30251
8.30912
8.31461
8.31935
8.32357
8.32724
8.33046
8.33335
8.33586
8.33806
8.34004
8.34177
8.34333
8.34483
8.3463
8.34767
8.34896
8.3502
8.35135
8.35243
8.35341
8.35415
8.35463
8.35485
4.94588
4.9572
4.98127
5.02137
5.08334
5.17683
5.31581
5.51391
5.76336
6.00703
6.23964
6.46734
6.66979
6.85335
7.02689
7.17954
7.31685
7.4438
7.54854
7.63388
7.70826
7.77668
7.83588
7.88798
7.93547
7.97615
8.01154
8.04341
8.07058
8.09439
8.11704
8.1394
8.15932
8.17713
8.19356
8.20778
8.22033
8.23185
8.24183
8.25067
8.2587
8.26531
8.27069
8.27534
8.27955
8.28318
8.28637
8.28926
8.29175
8.29393
8.2959
8.2976
8.29913
8.30062
8.30212
8.30352
8.30483
8.30612
8.3073
8.30843
8.3095
8.3103
8.31078
8.31101
4.79345
4.8038
4.82595
4.86319
4.92174
5.0125
5.15313
5.36486
5.6443
5.90449
6.1482
6.39159
6.60092
6.7889
6.97086
7.12692
7.26706
7.40045
7.50668
7.59062
7.6641
7.73385
7.79299
7.84485
7.89325
7.93378
7.96883
8.00104
8.0278
8.05092
8.07342
8.09659
8.11673
8.13459
8.15142
8.16566
8.17817
8.18991
8.19989
8.20873
8.21699
8.22358
8.2288
8.23333
8.23756
8.24114
8.24427
8.24718
8.24963
8.25177
8.25375
8.25541
8.25689
8.25837
8.25992
8.26133
8.26266
8.264
8.26522
8.2664
8.26758
8.26842
8.26892
8.26914
4.6466
4.65588
4.67582
4.70968
4.7638
4.85009
4.99005
5.21518
5.53249
5.80818
6.06079
6.32276
6.53733
6.72792
6.92003
7.07829
7.22017
7.36188
7.46902
7.55037
7.6223
7.69404
7.75277
7.804
7.85372
7.89387
7.92832
7.96113
7.98729
8.00944
8.03167
8.056
8.07626
8.09404
8.11143
8.1256
8.13796
8.15002
8.15993
8.16872
8.17731
8.18385
8.18884
8.19322
8.19749
8.201
8.20406
8.20701
8.20942
8.2115
8.2135
8.21512
8.21653
8.21798
8.21961
8.22103
8.22236
8.22376
8.225
8.22623
8.22755
8.22844
8.22894
8.22916
4.50528
4.5134
4.53092
4.56093
4.60966
4.68959
4.82588
5.06313
5.4296
5.71832
5.97632
6.26154
6.47885
6.66948
6.87471
7.03339
7.17537
7.32835
7.43552
7.51281
7.58236
7.65724
7.71505
7.76509
7.81686
7.85627
7.88975
7.92362
7.94897
7.96979
7.99156
8.0176
8.03783
8.05533
8.07353
8.08748
8.09956
8.1121
8.12185
8.13049
8.13958
8.14603
8.15072
8.15489
8.15928
8.16269
8.16565
8.16868
8.17102
8.17303
8.17507
8.17663
8.17795
8.17937
8.18111
8.18252
8.18384
8.18532
8.18657
8.18784
8.18933
8.19027
8.19076
8.19097
4.36942
4.37632
4.39125
4.41703
4.4595
4.53114
4.65996
4.90632
5.33809
5.63511
5.89314
6.209
6.4253
6.61231
6.83551
6.99193
7.13157
7.30036
7.40614
7.47759
7.54371
7.62358
7.67968
7.72776
7.78273
7.82086
7.85286
7.88853
7.91274
7.9318
7.95285
7.98141
8.00134
8.01826
8.03768
8.05122
8.06281
8.07611
8.08556
8.09393
8.10376
8.11004
8.11433
8.11825
8.12284
8.12611
8.12893
8.13211
8.13435
8.13626
8.13839
8.13987
8.14107
8.14245
8.14434
8.14573
8.14701
8.14861
8.14984
8.15112
8.15286
8.15384
8.15431
8.15449
4.23896
4.24459
4.25683
4.27808
4.31356
4.37499
4.4918
4.74138
5.26148
5.5587
5.80893
6.16682
6.37646
6.55472
6.80343
6.95367
7.08734
7.2787
7.38084
7.44437
7.50565
7.59333
7.64652
7.69152
7.75147
7.78751
7.81731
7.85591
7.87854
7.89534
7.91524
7.94753
7.96671
7.98264
8.00389
8.01672
8.02756
8.04203
8.05096
8.05886
8.06982
8.0758
8.07959
8.08317
8.08813
8.0912
8.09381
8.09724
8.09934
8.1011
8.10339
8.10476
8.10582
8.10712
8.10925
8.11057
8.11179
8.11356
8.11473
8.116
8.11807
8.11906
8.11948
8.11965
4.11378
4.11813
4.12761
4.14416
4.17208
4.22159
4.32118
4.56365
5.20471
5.48911
5.72046
6.13746
6.33209
6.49446
6.78004
6.91831
7.04079
7.26459
7.35951
7.41277
7.46732
7.56697
7.61544
7.65577
7.72337
7.7561
7.78267
7.82592
7.84627
7.86026
7.87838
7.91611
7.93385
7.9482
7.97222
7.98389
7.9936
8.00987
8.01797
8.02512
8.03775
8.04325
8.04639
8.04955
8.0551
8.05786
8.06018
8.06401
8.0659
8.06746
8.07
8.07123
8.07211
8.07329
8.07577
8.07699
8.07809
8.0801
8.08118
8.08237
8.08491
8.08586
8.08623
8.08636
3.99379
3.99686
4.00357
4.01534
4.03534
4.07151
4.14837
4.36676
5.17454
5.42615
5.6233
6.12442
6.29185
6.42851
6.76764
6.88558
6.98943
7.25983
7.34195
7.38248
7.42764
7.54523
7.58628
7.61976
7.69886
7.72649
7.74844
7.7988
7.81587
7.82645
7.84183
7.88744
7.90267
7.91463
7.94279
7.95265
7.9607
7.97968
7.98651
7.9925
8.00759
8.01229
8.01467
8.01726
8.02371
8.02603
8.02795
8.03238
8.03396
8.03525
8.03818
8.03921
8.03987
8.04087
8.04385
8.0449
8.04582
8.04819
8.0491
8.05015
8.05332
8.05417
8.05446
8.05456
3.87886
3.88068
3.88465
3.89163
3.90358
3.92548
3.97437
4.14204
5.18008
5.36932
5.51161
6.13258
6.25528
6.35293
6.76947
6.85515
6.93004
7.26693
7.32774
7.35324
7.38522
7.52919
7.55888
7.58251
7.67863
7.69855
7.71397
7.77495
7.78721
7.79384
7.80502
7.86191
7.87308
7.88154
7.91579
7.92291
7.92859
7.95158
7.95649
7.96077
7.9794
7.98285
7.98434
7.98616
7.99398
7.99564
7.99698
8.00233
8.00346
8.00436
8.00789
8.00862
8.00904
8.00977
8.01347
8.01423
8.0149
8.01778
8.01844
8.01921
8.02327
8.02393
8.02411
8.02417
3.76885
3.76945
3.77076
3.77307
3.77702
3.78432
3.80126
3.87795
5.23337
5.31763
5.37775
6.16857
6.22173
6.26264
6.78993
6.82668
6.85844
7.28934
7.31615
7.32493
7.33834
7.52033
7.53303
7.54281
7.6636
7.67209
7.67844
7.7549
7.76014
7.76241
7.76725
7.8401
7.84495
7.84846
7.89153
7.89456
7.89691
7.92575
7.92783
7.92963
7.95332
7.95483
7.95534
7.95609
7.96591
7.96661
7.96716
7.97384
7.97432
7.97469
7.9791
7.97941
7.97956
7.97987
7.98461
7.98493
7.98521
7.98885
7.98912
7.98947
7.99474
7.99504
7.99511
7.99513
)
;

boundaryField
{
    left
    {
        type            zeroGradient;
    }
    right
    {
        type            zeroGradient;
    }
    interface
    {
        type            fixedValue;
        value           nonuniform List<scalar> 
64
(
3.71506
3.71506
3.71506
3.71506
3.71506
3.71506
3.71506
3.71506
5.29301
5.29301
5.29301
6.20566
6.20566
6.20566
6.8129
6.8129
6.8129
7.31097
7.31097
7.31097
7.31097
7.52048
7.52048
7.52048
7.65922
7.65922
7.65922
7.74699
7.74699
7.74699
7.74699
7.83124
7.83124
7.83124
7.88073
7.88073
7.88073
7.91384
7.91384
7.91384
7.94116
7.94116
7.94116
7.94116
7.95243
7.95243
7.95243
7.96009
7.96009
7.96009
7.96515
7.96515
7.96515
7.96515
7.97062
7.97062
7.97062
7.9748
7.9748
7.9748
7.98094
7.98094
7.98094
7.98094
)
;
    }
    bottom
    {
        type            fixedValue;
        value           uniform 10;
    }
    defaultFaces
    {
        type            empty;
    }
}


// ************************************************************************* //
