/*--------------------------------*- C++ -*----------------------------------*\
| =========                 |                                                 |
| \\      /  F ield         | OpenFOAM: The Open Source CFD Toolbox           |
|  \\    /   O peration     | Version:  5.x                                   |
|   \\  /    A nd           | Web:      www.OpenFOAM.org                      |
|    \\/     M anipulation  |                                                 |
\*---------------------------------------------------------------------------*/
FoamFile
{
    version     2.0;
    format      ascii;
    class       volScalarField;
    location    "9.1";
    object      gradTx;
}
// * * * * * * * * * * * * * * * * * * * * * * * * * * * * * * * * * * * * * //

dimensions      [0 -1 0 1 0 0 0];

internalField   nonuniform List<scalar> 
2048
(
0.0221992
0.0663505
0.109739
0.151786
0.191835
0.229156
0.26299
0.292607
0.317385
0.336873
0.35084
0.359293
0.362463
0.360769
0.354772
0.345122
0.332514
0.317645
0.301179
0.283722
0.265804
0.247869
0.230272
0.213282
0.197091
0.181821
0.167542
0.154272
0.141996
0.130668
0.120221
0.110577
0.101653
0.0933704
0.085655
0.0784448
0.0716892
0.0653489
0.0593952
0.053808
0.0485741
0.0436852
0.0391353
0.0349193
0.0310309
0.0274621
0.0242024
0.021239
0.0185569
0.0161398
0.0139704
0.0120307
0.0103025
0.00876776
0.00740847
0.00620711
0.00514647
0.00420973
0.00338031
0.00264179
0.00197771
0.00137149
0.000806486
0.000266103
0.0658309
0.196781
0.325526
0.450373
0.56937
0.680331
0.780956
0.869028
0.94265
1.00045
1.04174
1.06654
1.07556
1.07009
1.05182
1.02272
0.984872
0.940366
0.891185
0.839138
0.785801
0.732488
0.680244
0.629859
0.58189
0.536694
0.494462
0.455249
0.418995
0.38556
0.354741
0.326299
0.299985
0.275559
0.252801
0.231528
0.211589
0.19287
0.175285
0.158779
0.143313
0.128865
0.115419
0.10296
0.0914717
0.0809301
0.0713042
0.0625556
0.0546401
0.047509
0.0411105
0.0353912
0.0302973
0.0257749
0.021771
0.0182336
0.015112
0.0123564
0.00991803
0.00774835
0.00579883
0.00402034
0.00236321
0.000779378
0.108092
0.323176
0.534824
0.740326
0.936473
1.11959
1.28576
1.43117
1.55254
1.6475
1.71489
1.75478
1.76844
1.75807
1.72658
1.6773
1.61374
1.53939
1.45756
1.37124
1.28304
1.1951
1.10913
1.02639
0.947763
0.873805
0.804804
0.740823
0.681749
0.627327
0.577207
0.530978
0.488217
0.448517
0.411516
0.376908
0.34445
0.313956
0.285293
0.258373
0.233141
0.209563
0.18762
0.167292
0.148554
0.131368
0.115683
0.101436
0.0885531
0.0769531
0.0665507
0.0572579
0.048986
0.0416467
0.0351531
0.0294202
0.0243653
0.0199073
0.0159669
0.0124653
0.00932359
0.00646141
0.0037955
0.0012505
0.149266
0.44642
0.73922
1.02407
1.29653
1.55137
1.78285
1.98536
2.15401
2.28533
2.37762
2.43108
2.44763
2.43057
2.38413
2.31312
2.22256
2.11739
2.00226
1.88137
1.75834
1.63613
1.51703
1.40274
1.29441
1.19275
1.0981
1.01052
0.929795
0.855548
0.787252
0.724309
0.666101
0.612047
0.561636
0.514446
0.470143
0.428481
0.389286
0.352446
0.317897
0.285603
0.255548
0.227714
0.202069
0.178564
0.157129
0.137675
0.120097
0.104282
0.090112
0.0774633
0.0662134
0.0562404
0.0474246
0.0396495
0.0328016
0.0267705
0.0214481
0.0167272
0.0125004
0.00865807
0.0050819
0.0016724
0.18951
0.567029
0.939706
1.30324
1.65199
1.97903
2.27654
2.53672
2.75279
2.91994
3.03592
3.10115
3.11839
3.09223
3.02846
2.93351
2.814
2.67641
2.52678
2.37056
2.21235
2.0559
1.90405
1.75885
1.62167
1.4933
1.37411
1.26408
1.1629
1.07002
0.984729
0.906191
0.833579
0.766123
0.703157
0.644144
0.588671
0.53644
0.487244
0.44096
0.397521
0.356905
0.319104
0.28411
0.251891
0.222389
0.195512
0.171143
0.149148
0.129379
0.111682
0.0959018
0.081881
0.0694651
0.0585024
0.0488458
0.0403531
0.0328862
0.02631
0.0204907
0.0152946
0.0105849
0.00620732
0.00204027
0.22886
0.685164
1.13671
1.57874
2.00447
2.40506
2.77023
3.08948
3.35368
3.5564
3.69479
3.76966
3.7849
3.74671
3.66265
3.54098
3.39004
3.21794
3.03219
2.83949
2.64549
2.45465
2.2703
2.09476
1.92952
1.77541
1.63274
1.50143
1.38101
1.27074
1.16966
1.07669
0.990754
0.910865
0.836204
0.766125
0.700145
0.637923
0.579237
0.523959
0.472034
0.423462
0.37826
0.336437
0.297967
0.262781
0.230767
0.201777
0.175643
0.152181
0.131203
0.112518
0.0959369
0.0812723
0.0683415
0.0569679
0.046982
0.03822
0.0305221
0.02373
0.0176852
0.0122262
0.00716232
0.00235104
0.267238
0.800648
1.33014
1.85082
2.35483
2.83119
3.2666
3.6472
3.9608
4.19904
4.35845
4.44047
4.45054
4.39682
4.28901
4.13735
3.95208
3.743
3.51917
3.28861
3.05801
2.83252
2.61587
2.41054
2.21803
2.03913
1.87407
1.72263
1.58421
1.45782
1.34222
1.23602
1.13786
1.04652
0.961013
0.880606
0.804758
0.733102
0.665408
0.601557
0.541519
0.485329
0.433045
0.384704
0.340294
0.299733
0.262884
0.229564
0.199568
0.172674
0.148658
0.127297
0.108366
0.0916477
0.076928
0.0640022
0.0526747
0.0427586
0.0340718
0.0264335
0.0196624
0.0135745
0.00794213
0.00260311
0.304451
0.912974
1.51938
2.11906
2.70323
3.25848
3.76779
4.21292
4.57782
4.8517
5.03051
5.11675
5.11791
5.04467
4.90917
4.72391
4.50106
4.25223
3.9881
3.71811
3.45001
3.1896
2.94086
2.7063
2.48734
2.28462
2.09825
1.92788
1.7727
1.6315
1.50269
1.3845
1.27523
1.17341
1.0779
0.987879
0.902771
0.822206
0.745956
0.673921
0.606108
0.542605
0.483529
0.428964
0.378911
0.333277
0.291892
0.254532
0.220949
0.190881
0.16407
0.140255
0.119184
0.100604
0.084273
0.069957
0.057437
0.0465051
0.0369598
0.0286005
0.0212246
0.0146281
0.00854565
0.00279608
0.340202
1.02133
1.70331
2.38244
3.04919
3.68742
4.27544
4.78938
5.20812
5.51786
5.71413
5.80107
5.789
5.69172
5.52423
5.30142
5.03753
4.74596
4.43912
4.128
3.82147
3.5259
3.24537
2.98224
2.73768
2.51214
2.30555
2.11743
1.94678
1.79211
1.65144
1.52254
1.4033
1.29197
1.18726
1.08829
0.994493
0.905508
0.821121
0.741257
0.66597
0.595422
0.529815
0.469297
0.413888
0.363478
0.317854
0.276741
0.239842
0.206855
0.177484
0.151437
0.128429
0.108177
0.0904069
0.0748586
0.06129
0.0494755
0.0391976
0.0302387
0.0223771
0.0153903
0.00897466
0.00293052
0.374097
1.12459
1.88035
2.6393
3.39155
4.1179
4.79084
5.37913
5.85494
6.20077
6.41207
6.4955
6.46521
6.33887
6.13476
5.8703
5.56174
5.22426
4.87214
4.51811
4.17225
3.8414
3.52952
3.2386
2.96939
2.72205
2.49633
2.29162
2.10678
1.94004
1.78893
1.65065
1.52258
1.40267
1.28951
1.18222
1.08026
0.983311
0.891173
0.803801
0.721301
0.643934
0.572023
0.505802
0.445318
0.390427
0.340859
0.296278
0.25633
0.220671
0.188969
0.160902
0.136156
0.114416
0.0953757
0.0787464
0.0642663
0.0516956
0.0408046
0.0313624
0.0231296
0.0158679
0.00923312
0.00300778
0.405652
1.2214
2.04847
2.8874
3.72852
4.5493
5.31502
5.98468
6.52155
6.90358
7.12677
7.20163
7.14736
6.98647
6.74091
6.43062
6.07371
5.68707
5.28693
4.88813
4.50215
4.13609
3.7935
3.47571
3.18289
2.91478
2.67099
2.45084
2.2531
2.07572
1.91567
1.76938
1.63362
1.50603
1.38513
1.27007
1.16043
1.05593
0.956403
0.861811
0.772319
0.688312
0.610284
0.538594
0.473308
0.414233
0.361018
0.31325
0.270515
0.232422
0.19861
0.168729
0.142437
0.119387
0.0992371
0.0816708
0.0664077
0.0531984
0.0418062
0.0319902
0.0234958
0.01607
0.0093267
0.00302981
0.434319
1.31015
2.20523
3.12392
4.05763
4.98045
5.84877
6.60866
7.21137
7.62935
7.86038
7.92055
7.83573
7.6344
7.34244
6.98219
6.57335
6.1342
5.68313
5.23765
4.81088
4.40996
4.03755
3.69401
3.37869
3.09086
2.83003
2.59552
2.38614
2.19961
2.03221
1.87936
1.73705
1.60262
1.47459
1.35226
1.23536
1.12371
1.01711
0.915564
0.819255
0.72873
0.644733
0.56779
0.497978
0.435018
0.378456
0.327782
0.282511
0.242214
0.206502
0.175001
0.147348
0.123161
0.102058
0.0836898
0.0677622
0.0540221
0.0422316
0.0321437
0.0234915
0.0160079
0.00926235
0.0029991
0.459498
1.38907
2.34783
3.34545
4.37571
5.4096
6.39271
7.25395
7.92816
8.38121
8.61476
8.65286
8.53003
8.28201
7.93878
7.52467
7.06052
6.56546
6.06027
5.56608
5.09812
4.66303
4.262
3.89405
3.55743
3.2509
2.97397
2.72611
2.50629
2.31217
2.13916
1.98127
1.83352
1.69302
1.55837
1.42917
1.3054
1.18695
1.07362
0.96535
0.862353
0.765367
0.675498
0.593508
0.519454
0.45292
0.393315
0.340011
0.292448
0.250164
0.212748
0.179812
0.150974
0.125818
0.103911
0.0848672
0.0683821
0.054208
0.0421122
0.0318463
0.023134
0.0156942
0.00904809
0.00291853
0.48057
1.45629
2.47321
3.54806
4.67886
5.83433
6.94733
7.92391
8.67614
9.16225
9.39141
9.39867
9.22937
8.92823
8.52908
8.05757
7.53512
6.98073
6.41781
5.87275
5.3635
4.89541
4.46728
4.07647
3.71984
3.39556
3.10339
2.84305
2.61391
2.41384
2.23715
2.07585
1.92372
1.7778
1.63696
1.50118
1.37088
1.24599
1.12622
1.01147
0.901871
0.798393
0.702693
0.615861
0.537869
0.468083
0.405745
0.350085
0.30046
0.256393
0.217458
0.183256
0.153402
0.127442
0.104875
0.0852709
0.0683227
0.0537993
0.041481
0.0311222
0.0224413
0.0151426
0.00869286
0.00279138
0.496928
1.50993
2.57812
3.72734
4.96237
6.25147
7.51297
8.62259
9.46023
9.97558
10.1915
10.1575
9.93222
9.57153
9.11228
8.58035
7.99722
7.38004
6.7551
6.15673
5.60663
5.10729
4.65393
4.24207
3.86679
3.5256
3.21893
2.94682
2.70932
2.50502
2.32688
2.16394
2.00838
1.85757
1.7108
1.56863
1.4321
1.30112
1.17523
1.05425
0.938082
0.827968
0.72641
0.634954
0.55336
0.480661
0.415909
0.358161
0.306688
0.261025
0.220739
0.185428
0.15472
0.128119
0.105032
0.0849714
0.06764
0.0528394
0.040371
0.0299952
0.0214313
0.0143673
0.00820658
0.00262132
0.508011
1.54819
2.65928
3.87848
5.22071
6.6569
8.08979
9.35503
10.2862
10.8242
11.0157
10.9284
10.6364
10.21
9.68717
9.09236
8.44717
7.76373
7.07134
6.41689
5.82712
5.29904
4.82261
4.39179
3.99924
3.64179
3.32125
3.03786
2.7927
2.58604
2.4091
2.24642
2.08821
1.93289
1.78034
1.6318
1.48934
1.35264
1.22093
1.09403
0.971281
0.85423
0.746706
0.650882
0.566075
0.490813
0.423974
0.364403
0.311273
0.264185
0.222703
0.186419
0.15501
0.127937
0.104468
0.0840407
0.0663899
0.0513713
0.0388147
0.0284881
0.0201212
0.0133836
0.00760029
0.00241243
0.513343
1.56946
2.71351
3.99639
5.44744
7.04529
8.67765
10.1277
11.1612
11.7105
11.8641
11.7098
11.3387
10.8414
10.2525
9.59288
8.88572
8.13258
7.36556
6.65168
6.02464
5.47123
4.97405
4.52668
4.11832
3.74491
3.41105
3.11666
2.86412
2.65708
2.48464
2.32434
2.16394
2.00433
1.84596
1.69089
1.54284
1.40083
1.2636
1.13117
1.0018
0.877288
0.763589
0.663735
0.576175
0.498703
0.430119
0.368984
0.314353
0.265998
0.22346
0.186315
0.154353
0.126985
0.103273
0.0825514
0.0646261
0.0494366
0.0368441
0.0266224
0.0185271
0.0122072
0.00688644
0.00216935
0.512567
1.57244
2.73791
4.07589
5.63524
7.40986
9.27588
10.9488
12.0936
12.6364
12.7363
12.5
12.0354
11.4633
10.807
10.0809
9.31418
8.48803
7.6364
6.85904
6.19895
5.62477
5.10901
4.64797
4.22528
3.83571
3.48913
3.18374
2.92342
2.71818
2.55447
2.39888
2.23619
2.07241
1.90807
1.74602
1.59281
1.44597
1.30347
1.16609
1.03002
0.897205
0.777001
0.673598
0.583842
0.504495
0.434524
0.372082
0.316061
0.266585
0.223118
0.185193
0.152817
0.125354
0.101541
0.0805754
0.0623994
0.0470747
0.0344901
0.0244173
0.0166627
0.0108548
0.00607938
0.00189741
0.505474
1.55622
2.73006
4.11188
5.77591
7.74196
9.88285
11.8296
13.0941
13.6018
13.6311
13.2969
12.721
12.0733
11.35
10.5549
9.73464
8.83256
7.88198
7.03611
6.35011
5.76104
5.22818
4.75701
4.32157
3.91475
3.55635
3.23974
2.97016
2.7691
2.61979
2.47144
2.30548
2.13761
1.96705
1.79714
1.63944
1.48835
1.34067
1.19926
1.05643
0.913972
0.786792
0.680565
0.589296
0.508343
0.437379
0.373886
0.316512
0.266063
0.221791
0.183119
0.150462
0.123134
0.0993712
0.0781823
0.059755
0.0443225
0.0317836
0.0218892
0.0145394
0.00934425
0.00519579
0.00160286
0.492027
1.52039
2.68817
4.09961
5.8605
8.0306
10.4954
12.7847
14.176
14.6042
14.5469
14.0989
13.3884
12.6691
11.881
11.0124
10.1502
9.17003
8.0995
7.17901
6.47863
5.88205
5.33194
4.85538
4.40893
3.98234
3.61372
3.28551
3.00354
2.80923
2.68209
2.54374
2.37207
2.2004
2.02334
1.844
1.68295
1.52832
1.3752
1.23121
1.08163
0.927485
0.792696
0.684756
0.592809
0.510374
0.438875
0.374603
0.315802
0.264546
0.219598
0.180144
0.147332
0.120423
0.0968729
0.0754382
0.0567314
0.0412148
0.0287562
0.0190511
0.0121645
0.00769528
0.00425534
0.00129306
0.472373
1.46507
2.61128
4.03502
5.87953
8.26205
11.1077
13.8337
15.3563
15.6361
15.4817
14.9056
14.028
13.2492
12.4011
11.4489
10.5655
9.5064
8.28482
7.28238
6.58583
5.99074
5.42005
4.9449
4.48945
4.03821
3.66248
3.32228
3.0222
2.83746
2.74336
2.61792
2.43575
2.26127
2.07752
1.88606
1.72358
1.56632
1.40686
1.26261
1.10642
0.937484
0.794286
0.686348
0.594735
0.510667
0.439216
0.374464
0.313986
0.262144
0.21667
0.176298
0.143448
0.117322
0.0941659
0.0724026
0.0533578
0.0377835
0.0254419
0.0159116
0.00954045
0.00593012
0.00328117
0.00097671
0.446843
1.39098
2.49939
3.91505
5.82336
8.41931
11.7098
15.0032
16.6568
16.6829
16.4339
15.7186
14.626
13.8136
12.9127
11.8568
10.9869
9.85052
8.43173
7.33894
6.67432
6.09131
5.49109
5.02778
4.56588
4.0812
3.70419
3.35191
3.02409
2.85192
2.80629
2.6967
2.49558
2.32076
2.1304
1.92228
1.76172
1.60296
1.43503
1.29429
1.13188
0.943492
0.790937
0.685616
0.595535
0.509207
0.43862
0.373742
0.311057
0.258971
0.213165
0.171582
0.138806
0.113947
0.0913864
0.069125
0.0496515
0.0340588
0.0218802
0.0124733
0.00666288
0.00407512
0.00230038
0.000663844
0.415938
1.29938
2.35357
3.73802
5.68272
8.48186
12.2852
16.329
18.1062
17.7187
17.4035
16.5438
15.1625
14.3644
13.4216
12.2233
11.4236
10.2153
8.531
7.33888
6.74862
6.18965
5.54171
5.10685
4.64184
4.10869
3.74096
3.37714
3.00623
2.84975
2.87456
2.78361
2.54947
2.37962
2.18322
1.9509
1.79797
1.63916
1.45854
1.32733
1.15952
0.944711
0.781766
0.68299
0.595829
0.505825
0.437331
0.372775
0.30692
0.255146
0.209279
0.165962
0.133368
0.110429
0.0886922
0.0656393
0.0456159
0.0300695
0.0181193
0.00873111
0.00351854
0.00216281
0.00134423
0.00036572
0.380307
1.19207
2.17596
3.50393
5.44946
8.42555
12.8077
17.8588
19.7425
18.7009
18.3936
17.3932
15.608
14.9079
13.9378
12.5278
11.8885
10.6191
8.56903
7.26924
6.81606
6.29398
5.56549
5.18596
4.72237
4.11585
3.77566
3.40209
2.96435
2.82672
2.95323
2.88328
2.59356
2.43898
2.23788
1.96909
1.83333
1.6763
1.47531
1.36316
1.19139
0.939884
0.765583
0.679138
0.596442
0.500107
0.435649
0.372001
0.301338
0.250811
0.205268
0.159349
0.127054
0.106926
0.0862695
0.0619571
0.041238
0.0258435
0.014222
0.00466968
8.22645e-05
0.00023503
0.000448029
9.43999e-05
0.340711
1.07127
1.96976
3.21476
5.11746
8.22302
13.2366
19.6566
21.6165
19.5624
19.4136
18.2885
15.9193
15.4562
14.4778
12.7374
12.3996
11.0879
8.52606
7.11313
6.88783
6.41557
5.55133
5.27049
4.81448
4.09454
3.81238
3.43273
2.89258
2.77677
3.04922
3.00183
2.62145
2.50067
2.29731
1.97242
1.8694
1.71646
1.48195
1.40375
1.23029
0.927109
0.740823
0.67506
0.598472
0.491271
0.433961
0.372002
0.293874
0.246143
0.201471
0.151588
0.119733
0.103631
0.0843404
0.0580573
0.0364874
0.0214084
0.0102715
0.000259848
-0.00368667
-0.00165274
-0.000349542
-0.000137975
0.297986
0.939545
1.7391
2.87462
4.68369
7.84486
13.5107
21.807
23.7967
20.2021
20.4835
19.2648
16.0327
16.0303
15.068
12.8022
12.9825
11.657
8.37389
6.84903
6.98034
6.56974
5.48138
5.36827
4.92808
4.03183
3.85692
3.47756
2.78292
2.69147
3.17195
3.1474
2.62301
2.56766
2.36589
1.95415
1.90872
1.76275
1.4732
1.45177
1.28003
0.903595
0.7055
0.672209
0.603376
0.477998
0.432803
0.373564
0.283798
0.241391
0.198341
0.142425
0.111211
0.100789
0.0831726
0.0538738
0.0313153
0.0167912
0.00638026
-0.00454591
-0.00784919
-0.00342547
-0.00100782
-0.000320188
0.252998
0.799623
1.48884
2.48978
4.14937
7.26177
13.5404
24.4209
26.3753
20.471
21.6393
20.3765
15.8556
16.6641
15.7476
12.648
13.6731
12.3743
8.07292
6.45004
7.11672
6.77709
5.32827
5.49069
5.07704
3.90809
3.9176
3.5483
2.62472
2.55933
3.33397
3.33079
2.58304
2.64466
2.45003
1.90429
1.95522
1.81971
1.44111
1.511
1.34568
0.865343
0.657156
0.672626
0.613065
0.458216
0.432946
0.377757
0.269975
0.23691
0.196484
0.13148
0.101227
0.0987069
0.0830892
0.0492785
0.0256576
0.0120173
0.0027008
-0.00981928
-0.0124919
-0.0049808
-0.00148652
-0.000443166
0.206606
0.6543
1.22435
2.06851
3.52097
6.4482
13.1966
27.6422
29.4765
20.1564
22.941
21.703
15.2553
17.4098
16.574
12.167
14.5214
13.303
7.56857
5.8834
7.32849
7.06505
5.05159
5.65433
5.28055
3.69449
4.00624
3.66075
2.40406
2.36506
3.55179
3.56635
2.47937
2.73902
2.55888
1.80838
2.01477
1.89383
1.37417
1.58667
1.43394
0.806761
0.592851
0.679094
0.630037
0.428821
0.435511
0.386016
0.250713
0.233228
0.196693
0.118203
0.0894402
0.097775
0.0844806
0.0440612
0.0194389
0.00710717
-0.000561855
-0.0156633
-0.0177337
-0.00617916
-0.00174943
-0.000501206
0.159619
0.506292
0.951181
1.62068
2.81103
5.38768
12.2989
31.6549
33.2668
18.9606
24.4832
23.3567
14.0454
18.3438
17.6283
11.2071
15.5967
14.5249
6.7869
5.11011
7.65732
7.46981
4.59358
5.88301
5.56478
3.34991
4.13961
3.83566
2.10303
2.08866
3.84674
3.87306
2.28067
2.86178
2.70514
1.6459
2.09593
1.99419
1.25602
1.68604
1.5534
0.720187
0.509171
0.695284
0.657517
0.385334
0.442127
0.400258
0.22358
0.231123
0.199992
0.101831
0.0754289
0.0984832
0.0878163
0.0379047
0.0125822
0.00207117
-0.00313441
-0.0222215
-0.0237329
-0.00683149
-0.00176943
-0.000492925
0.112776
0.358117
0.674786
1.1572
2.03843
4.0805
10.599
36.6918
37.9675
16.4765
26.4075
25.4913
11.9682
19.5761
19.0222
9.55835
16.9942
16.1441
5.62964
4.08507
8.15665
8.03863
3.87398
6.21038
5.96481
2.81728
4.34108
4.0995
1.699
1.70451
4.24588
4.27579
1.94372
3.02905
2.90602
1.38849
2.21085
2.13318
1.06405
1.81912
1.715
0.595328
0.402306
0.725903
0.699644
0.321501
0.455131
0.422989
0.185172
0.231731
0.207677
0.0813205
0.058689
0.101441
0.0936587
0.0303547
0.005023
-0.00309996
-0.00465707
-0.0296878
-0.0306958
-0.00668438
-0.00153538
-0.000421503
0.0667176
0.212012
0.400242
0.689337
1.22785
2.55373
7.76339
43.0427
43.8701
12.1585
28.9182
28.3121
8.67548
21.259
20.906
6.9369
18.8429
18.2899
3.96844
2.75766
8.89316
8.83275
2.78394
6.68306
6.52675
2.01914
4.64288
4.48527
1.16389
1.18039
4.78283
4.80693
1.41022
3.26372
3.18433
0.997664
2.37639
2.32739
0.767687
1.9995
1.93231
0.418633
0.268178
0.776813
0.761682
0.228808
0.477819
0.45744
0.130853
0.236683
0.221349
0.0552907
0.0386398
0.107393
0.102677
0.0207859
-0.00327046
-0.0084484
-0.00466217
-0.0383194
-0.0388855
-0.00540259
-0.00106062
-0.000293654
0.0219787
0.0698635
0.132008
0.22783
0.408205
0.874168
3.35183
51.0635
51.354
5.28907
32.3009
32.0853
3.70526
23.5996
23.4771
2.96729
21.3151
21.1203
1.6387
1.07298
9.94773
9.93069
1.17917
7.36434
7.31011
0.852745
5.08872
5.03303
0.463476
0.476469
5.49858
5.50823
0.603225
3.59739
3.5696
0.422353
2.6154
2.59851
0.326447
2.24543
2.22189
0.172582
0.10265
0.855106
0.850273
0.095949
0.514746
0.50769
0.0544495
0.248269
0.242939
0.0219463
0.0146382
0.117238
0.115661
0.00836279
-0.0122697
-0.0140683
-0.00254999
-0.0484503
-0.0486307
-0.00254911
-0.000393156
-0.000116617
)
;

boundaryField
{
    left
    {
        type            calculated;
        value           uniform 0;
    }
    right
    {
        type            calculated;
        value           uniform 0;
    }
    interface
    {
        type            calculated;
        value           nonuniform List<scalar> 
64
(
0.0219787
0.0698635
0.132008
0.22783
0.408205
0.874168
3.35183
51.0635
51.354
5.28907
32.3009
32.0853
3.70526
23.5996
23.4771
2.96729
21.3151
21.1203
1.6387
1.07298
9.94773
9.93069
1.17917
7.36434
7.31011
0.852745
5.08872
5.03303
0.463476
0.476469
5.49858
5.50823
0.603225
3.59739
3.5696
0.422353
2.6154
2.59851
0.326447
2.24543
2.22189
0.172582
0.10265
0.855106
0.850273
0.095949
0.514746
0.50769
0.0544495
0.248269
0.242939
0.0219463
0.0146382
0.117238
0.115661
0.00836279
-0.0122697
-0.0140683
-0.00254999
-0.0484503
-0.0486307
-0.00254911
-0.000393156
-0.000116617
)
;
    }
    bottom
    {
        type            calculated;
        value           nonuniform List<scalar> 
64
(
0.0221992
0.0663505
0.109739
0.151786
0.191835
0.229156
0.26299
0.292607
0.317385
0.336873
0.35084
0.359293
0.362463
0.360769
0.354772
0.345122
0.332514
0.317645
0.301179
0.283722
0.265804
0.247869
0.230272
0.213282
0.197091
0.181821
0.167542
0.154272
0.141996
0.130668
0.120221
0.110577
0.101653
0.0933704
0.085655
0.0784448
0.0716892
0.0653489
0.0593952
0.053808
0.0485741
0.0436852
0.0391353
0.0349193
0.0310309
0.0274621
0.0242024
0.021239
0.0185569
0.0161398
0.0139704
0.0120307
0.0103025
0.00876776
0.00740847
0.00620711
0.00514647
0.00420973
0.00338031
0.00264179
0.00197771
0.00137149
0.000806486
0.000266103
)
;
    }
    defaultFaces
    {
        type            empty;
    }
}


// ************************************************************************* //
