/*--------------------------------*- C++ -*----------------------------------*\
| =========                 |                                                 |
| \\      /  F ield         | OpenFOAM: The Open Source CFD Toolbox           |
|  \\    /   O peration     | Version:  5.x                                   |
|   \\  /    A nd           | Web:      www.OpenFOAM.org                      |
|    \\/     M anipulation  |                                                 |
\*---------------------------------------------------------------------------*/
FoamFile
{
    version     2.0;
    format      ascii;
    class       volScalarField;
    location    "8.6";
    object      T;
}
// * * * * * * * * * * * * * * * * * * * * * * * * * * * * * * * * * * * * * //

dimensions      [0 0 0 1 0 0 0];

internalField   nonuniform List<scalar> 
2048
(
9.8553
9.85599
9.85737
9.85942
9.86211
9.86541
9.86927
9.87363
9.87841
9.88354
9.88893
9.8945
9.90015
9.90582
9.91142
9.91689
9.92219
9.92727
9.93211
9.93667
9.94096
9.94497
9.94869
9.95215
9.95534
9.95829
9.96101
9.96351
9.96581
9.96792
9.96987
9.97165
9.97329
9.9748
9.97618
9.97745
9.9786
9.97965
9.98061
9.98147
9.98226
9.98296
9.98359
9.98415
9.98465
9.98509
9.98548
9.98582
9.98612
9.98638
9.9866
9.98679
9.98696
9.9871
9.98722
9.98732
9.9874
9.98747
9.98753
9.98757
9.98761
9.98763
9.98765
9.98765
9.57166
9.57371
9.5778
9.58388
9.59187
9.60166
9.61312
9.62606
9.64026
9.6555
9.67151
9.68803
9.70481
9.72162
9.73823
9.75446
9.77016
9.78521
9.79951
9.81302
9.8257
9.83754
9.84855
9.85875
9.86818
9.87689
9.8849
9.89228
9.89907
9.90531
9.91104
9.91632
9.92116
9.92561
9.92968
9.93341
9.93682
9.93993
9.94275
9.9453
9.94761
9.94968
9.95154
9.95319
9.95466
9.95597
9.95711
9.95811
9.95899
9.95975
9.96041
9.96098
9.96147
9.96188
9.96223
9.96253
9.96277
9.96298
9.96314
9.96327
9.96337
9.96344
9.96349
9.96351
9.29886
9.30224
9.30896
9.31894
9.33208
9.34819
9.36705
9.38835
9.41175
9.43684
9.4632
9.4904
9.518
9.54562
9.5729
9.59953
9.62527
9.64991
9.67332
9.6954
9.71611
9.73544
9.75339
9.77003
9.78539
9.79956
9.81261
9.82462
9.83566
9.84581
9.85515
9.86373
9.87161
9.87884
9.88548
9.89155
9.8971
9.90216
9.90675
9.91091
9.91466
9.91803
9.92104
9.92373
9.92612
9.92823
9.93009
9.93172
9.93314
9.93437
9.93544
9.93636
9.93715
9.93782
9.93838
9.93886
9.93926
9.93958
9.93985
9.94005
9.94021
9.94033
9.94041
9.94044
9.03566
9.04033
9.04961
9.06342
9.08159
9.10391
9.13005
9.1596
9.19206
9.22687
9.26343
9.30113
9.33935
9.37756
9.41525
9.452
9.48747
9.52139
9.55357
9.58388
9.61228
9.63874
9.66332
9.68605
9.70705
9.72639
9.7442
9.76058
9.77564
9.78949
9.80222
9.81392
9.82467
9.83454
9.8436
9.85188
9.85946
9.86636
9.87262
9.87829
9.88341
9.888
9.89211
9.89577
9.89902
9.90189
9.90441
9.90662
9.90855
9.91022
9.91166
9.91291
9.91397
9.91488
9.91564
9.91628
9.91682
9.91725
9.91761
9.91789
9.9181
9.91826
9.91836
9.91841
8.78103
8.78695
8.79874
8.8163
8.83944
8.8679
8.90126
8.939
8.98049
9.02498
9.07168
9.11979
9.16853
9.21717
9.26509
9.31174
9.35668
9.39959
9.44023
9.47845
9.5142
9.54748
9.57834
9.60686
9.63317
9.6574
9.67969
9.70018
9.71901
9.73633
9.75225
9.76689
9.78034
9.7927
9.80403
9.81441
9.82389
9.83252
9.84036
9.84746
9.85386
9.8596
9.86473
9.86929
9.87334
9.87691
9.88005
9.8828
9.88519
9.88727
9.88906
9.8906
9.89191
9.89303
9.89397
9.89476
9.89542
9.89596
9.89639
9.89673
9.897
9.89719
9.89731
9.89737
8.5341
8.54125
8.5555
8.57676
8.60482
8.63937
8.67994
8.72589
8.77643
8.83064
8.88751
8.94603
9.00523
9.06422
9.12223
9.17859
9.23279
9.28442
9.33324
9.37907
9.42185
9.46161
9.49842
9.53241
9.56373
9.59254
9.61903
9.64337
9.66574
9.68631
9.70522
9.7226
9.73859
9.75327
9.76675
9.77909
9.79036
9.80063
9.80995
9.81838
9.82597
9.83279
9.83887
9.84428
9.84906
9.85328
9.85699
9.86022
9.86304
9.86548
9.86759
9.86939
9.87093
9.87224
9.87334
9.87426
9.87503
9.87565
9.87616
9.87655
9.87686
9.87708
9.87722
9.87729
8.2942
8.30254
8.3192
8.34409
8.37702
8.41764
8.46545
8.51967
8.57936
8.64338
8.71051
8.7795
8.84918
8.91849
8.98648
9.05241
9.11566
9.17579
9.23251
9.28564
9.33514
9.38105
9.4235
9.46263
9.49865
9.53176
9.56217
9.5901
9.61576
9.63935
9.66104
9.681
9.69935
9.71622
9.7317
9.74588
9.75883
9.77063
9.78134
9.79102
9.79973
9.80754
9.8145
9.82068
9.82615
9.83096
9.83518
9.83886
9.84206
9.84483
9.84721
9.84925
9.85099
9.85247
9.85371
9.85474
9.8556
9.8563
9.85686
9.85731
9.85764
9.85789
9.85805
9.85812
8.06074
8.07025
8.08926
8.11771
8.15545
8.20215
8.25723
8.31984
8.38882
8.46282
8.54035
8.61993
8.70015
8.77975
8.85768
8.93304
9.00517
9.07357
9.13791
9.19805
9.25395
9.3057
9.35345
9.39741
9.43782
9.47493
9.50899
9.54025
9.56897
9.59536
9.61964
9.64198
9.66254
9.68145
9.69881
9.71471
9.72924
9.74247
9.75447
9.76532
9.77507
9.7838
9.79157
9.79847
9.80456
9.80991
9.81459
9.81867
9.82221
9.82527
9.8279
9.83015
9.83206
9.83368
9.83503
9.83617
9.8371
9.83786
9.83847
9.83895
9.83932
9.83958
9.83975
9.83984
7.8333
7.84392
7.8652
7.89713
7.93962
7.99237
8.0548
8.12592
8.20439
8.28858
8.37673
8.46705
8.5579
8.64783
8.73564
8.82033
8.90116
8.9776
9.04932
9.11616
9.17815
9.2354
9.28814
9.33662
9.38112
9.42194
9.45937
9.49371
9.52525
9.55423
9.5809
9.60547
9.62808
9.64889
9.66801
9.68552
9.70152
9.71609
9.7293
9.74123
9.75194
9.76152
9.77004
9.77758
9.78423
9.79007
9.79516
9.7996
9.80344
9.80675
9.8096
9.81202
9.81408
9.81582
9.81728
9.81849
9.81949
9.8203
9.82095
9.82146
9.82184
9.82212
9.8223
9.82239
7.6115
7.62319
7.64663
7.68192
7.72907
7.78786
7.85769
7.9375
8.02571
8.12038
8.21938
8.32064
8.42224
8.52254
8.62019
8.71411
8.80348
8.88775
8.96657
9.03983
9.10758
9.17001
9.22741
9.28009
9.32838
9.37263
9.41318
9.45035
9.48447
9.51584
9.54472
9.57133
9.59586
9.61844
9.6392
9.65822
9.67559
9.69141
9.70575
9.71868
9.73029
9.74065
9.74985
9.75798
9.76513
9.77139
9.77686
9.7816
9.78571
9.78924
9.79226
9.79484
9.79703
9.79886
9.8004
9.80168
9.80272
9.80357
9.80425
9.80478
9.80518
9.80546
9.80565
9.80574
7.39508
7.40775
7.43323
7.47174
7.52343
7.5882
7.66553
7.75422
7.85246
7.95792
8.06808
8.18051
8.293
8.40372
8.51117
8.61421
8.71196
8.80384
8.8895
8.96886
9.04206
9.10935
9.17109
9.22766
9.27945
9.32685
9.37025
9.41001
9.44649
9.48004
9.51095
9.53946
9.56577
9.59
9.61229
9.63272
9.65138
9.66836
9.68375
9.69761
9.71004
9.72112
9.73093
9.73959
9.74719
9.75384
9.75962
9.76463
9.76896
9.77268
9.77586
9.77856
9.78084
9.78276
9.78436
9.78568
9.78677
9.78764
9.78833
9.78887
9.78928
9.78957
9.78976
9.78985
7.18384
7.19741
7.22477
7.26629
7.32235
7.39304
7.47792
7.57573
7.68434
7.80098
7.92264
8.04648
8.17001
8.29119
8.40842
8.52047
8.62643
8.7257
8.81793
8.90309
8.9814
9.05321
9.11897
9.17914
9.23415
9.28443
9.33043
9.37254
9.41117
9.44671
9.47947
9.50974
9.53769
9.56347
9.58718
9.60893
9.62879
9.64686
9.66322
9.67795
9.69114
9.70287
9.71324
9.72237
9.73036
9.73734
9.7434
9.74864
9.75316
9.75703
9.76033
9.76313
9.76549
9.76747
9.76912
9.77047
9.77158
9.77247
9.77317
9.77371
9.77412
9.77441
9.7746
9.77469
6.97765
6.992
7.02104
7.06534
7.12554
7.20202
7.29451
7.4017
7.5211
7.64934
7.78288
7.91841
8.05312
8.18481
8.31176
8.43271
8.54671
8.65315
8.75168
8.84232
8.9254
9.0014
9.07087
9.13433
9.19228
9.2452
9.29355
9.33778
9.37835
9.41568
9.45015
9.48203
9.51151
9.53873
9.56379
9.58676
9.60775
9.62683
9.6441
9.65963
9.67351
9.68584
9.69671
9.70625
9.71459
9.72184
9.72814
9.73357
9.73825
9.74224
9.74564
9.74852
9.75094
9.75296
9.75463
9.75601
9.75712
9.75802
9.75872
9.75926
9.75967
9.75995
9.76013
9.76022
6.77641
6.79142
6.8219
6.86867
6.93273
7.01483
7.11498
7.23184
7.36249
7.50284
7.64867
7.79617
7.94221
8.08441
8.22103
8.35075
8.47262
8.58601
8.69055
8.78634
8.87384
8.95371
9.02657
9.09304
9.15367
9.20897
9.25944
9.30559
9.34789
9.38683
9.42283
9.45621
9.48712
9.51569
9.542
9.56613
9.58816
9.60819
9.6263
9.64258
9.6571
9.66996
9.68128
9.69118
9.69981
9.7073
9.71379
9.71938
9.72418
9.72827
9.73175
9.73467
9.73713
9.73918
9.74087
9.74225
9.74337
9.74426
9.74495
9.74548
9.74588
9.74615
9.74633
9.74642
6.58009
6.59561
6.62726
6.67614
6.74369
6.83116
6.93897
7.06584
7.20831
7.36134
7.51989
7.67966
7.83714
7.98985
8.13605
8.2744
8.40397
8.52409
8.63437
8.73495
8.82652
8.90991
8.98586
9.05506
9.11813
9.17558
9.22795
9.27579
9.31962
9.36
9.3974
9.43215
9.4644
9.49424
9.52174
9.54695
9.56996
9.59087
9.60976
9.62672
9.64184
9.65519
9.66689
9.67709
9.68597
9.69366
9.7003
9.70602
9.71091
9.71508
9.7186
9.72156
9.72403
9.72609
9.72778
9.72916
9.73027
9.73115
9.73183
9.73234
9.73272
9.73299
9.73315
9.73324
6.38869
6.40455
6.43705
6.48762
6.5582
6.65071
6.76615
6.90341
7.05837
7.22471
7.39647
7.56878
7.73779
7.90097
8.05664
8.20347
8.34055
8.46721
8.58293
8.68795
8.78321
8.86979
8.94853
9.0202
9.08547
9.14485
9.19891
9.24825
9.29342
9.33504
9.3737
9.40974
9.44325
9.47429
9.5029
9.52912
9.55304
9.57477
9.5944
9.612
9.62766
9.64145
9.65348
9.66394
9.67301
9.68086
9.68763
9.69344
9.6984
9.70261
9.70616
9.70913
9.71161
9.71366
9.71535
9.71671
9.71781
9.71866
9.71932
9.71981
9.72017
9.72042
9.72058
9.72065
6.20222
6.21826
6.25125
6.30302
6.37609
6.47319
6.59617
6.74426
6.91253
7.0929
7.27831
7.46347
7.64405
7.81759
7.98262
8.13775
8.28216
8.41519
8.53606
8.64511
8.74366
8.83311
8.91436
8.98825
9.0555
9.11661
9.17217
9.22281
9.26912
9.31182
9.3516
9.38885
9.42356
9.45574
9.4854
9.51257
9.53734
9.55984
9.58015
9.59835
9.61451
9.62869
9.641
9.65166
9.66089
9.66886
9.67572
9.68159
9.6866
9.69083
9.69439
9.69736
9.69983
9.70186
9.70353
9.70487
9.70594
9.70676
9.70739
9.70786
9.70819
9.70842
9.70857
9.70864
6.02075
6.03675
6.06987
6.12228
6.19719
6.29831
6.42866
6.58807
6.77067
6.96584
7.16538
7.36366
7.5558
7.73955
7.9138
8.07702
8.22858
8.36784
8.49357
8.60622
8.70765
8.79966
8.88314
8.95901
9.02807
9.09071
9.14756
9.19934
9.2466
9.29019
9.33098
9.36938
9.40524
9.43849
9.46916
9.49722
9.52278
9.546
9.56694
9.58569
9.60234
9.61686
9.6294
9.64021
9.64955
9.6576
9.66452
9.67044
9.67546
9.6797
9.68325
9.68621
9.68864
9.69065
9.69229
9.6936
9.69464
9.69543
9.69602
9.69646
9.69676
9.69697
9.6971
9.69716
5.84431
5.86009
5.89292
5.94538
6.02137
6.12581
6.26322
6.43453
6.63275
6.84356
7.05762
7.26933
7.47293
7.66663
7.84998
8.02106
8.17956
8.32501
8.45531
8.57105
8.67492
8.76921
8.85466
8.93229
9.00299
9.06699
9.12495
9.17771
9.22574
9.27001
9.31169
9.35122
9.38818
9.42246
9.45411
9.48299
9.50927
9.53318
9.5547
9.57397
9.59107
9.60591
9.61861
9.62952
9.63895
9.64705
9.65399
9.65993
9.66496
9.66919
9.67271
9.67563
9.67803
9.68
9.6816
9.68288
9.68388
9.68463
9.68518
9.68558
9.68585
9.68604
9.68615
9.68621
5.67298
5.68834
5.72048
5.77232
5.84854
5.95539
6.0994
6.28325
6.49877
6.72608
6.95496
7.18046
7.39533
7.59861
7.79098
7.96963
8.13485
8.28655
8.42114
8.53939
8.64521
8.74156
8.82873
8.90787
8.98012
9.0453
9.10419
9.15781
9.2064
9.25115
9.2936
9.33428
9.37232
9.40757
9.44017
9.46982
9.49675
9.52131
9.54337
9.56312
9.58068
9.59579
9.6086
9.61955
9.62902
9.63714
9.6441
9.65004
9.65505
9.65925
9.66274
9.66561
9.66795
9.66987
9.67144
9.67268
9.67363
9.67433
9.67484
9.67519
9.67543
9.67559
9.67569
9.67574
5.50682
5.52157
5.55259
5.60314
5.67863
5.78681
5.93673
6.1338
6.36888
6.61351
6.8573
7.09709
7.32286
7.53522
7.73664
7.92248
8.09414
8.25236
8.39093
8.51099
8.61822
8.71651
8.80513
8.88557
8.95933
9.0255
9.08514
9.13954
9.18849
9.23346
9.27656
9.31848
9.35758
9.39373
9.42729
9.45763
9.48514
9.51034
9.53289
9.55308
9.57111
9.58646
9.5993
9.61024
9.61974
9.62785
9.63478
9.64072
9.6457
9.64985
9.65329
9.6561
9.65838
9.66025
9.66177
9.66297
9.66386
9.66452
9.66497
9.66529
9.66548
9.66561
9.66569
9.66573
5.34589
5.35983
5.38934
5.43791
5.51164
5.61983
5.77465
5.98564
6.24334
6.50597
6.76447
7.0193
7.25543
7.47611
7.68683
7.87935
8.05706
8.22239
8.3646
8.4856
8.59366
8.69388
8.78371
8.86516
8.94049
9.00748
9.06764
9.12282
9.17192
9.2168
9.26043
9.30377
9.34388
9.38086
9.41542
9.44637
9.47436
9.50021
9.52319
9.54378
9.56234
9.57789
9.59067
9.60153
9.61105
9.61913
9.62602
9.63195
9.63688
9.64096
9.64435
9.64709
9.64929
9.65109
9.65257
9.65372
9.65456
9.65516
9.65556
9.65583
9.65598
9.65608
9.65614
9.65617
5.19023
5.20321
5.23082
5.27673
5.34759
5.45426
5.61256
5.83805
6.12266
6.40366
6.67615
6.94728
7.19289
7.42084
7.6415
7.83997
8.02318
8.19665
8.3421
8.46296
8.57116
8.67356
8.76428
8.84642
8.92353
8.99112
9.05154
9.1076
9.15661
9.20103
9.24505
9.29011
9.33119
9.36885
9.40452
9.43597
9.46432
9.4909
9.51423
9.53514
9.55432
9.57004
9.58267
9.59338
9.60292
9.61095
9.61775
9.62369
9.62855
9.63254
9.63588
9.63854
9.64064
9.64237
9.64382
9.64492
9.6457
9.64623
9.64658
9.6468
9.6469
9.64697
9.64701
9.64704
5.03988
5.05174
5.07712
5.11972
5.18657
5.28996
5.44978
5.69007
6.00769
6.30681
6.59186
6.88136
7.13513
7.36884
7.60071
7.80409
7.9919
8.17528
8.32343
8.44278
8.55032
8.65548
8.74669
8.82909
8.90841
8.97629
9.03665
9.09386
9.1425
9.18599
9.23022
9.2775
9.31944
9.3576
9.39459
9.42639
9.45493
9.48236
9.50593
9.52707
9.54706
9.5629
9.57523
9.58572
9.59533
9.60326
9.60995
9.61591
9.62069
9.62457
9.62787
9.63043
9.63242
9.63407
9.63549
9.63654
9.63726
9.63772
9.63802
9.63817
9.63823
9.63826
9.63829
9.6383
4.89485
4.90548
4.92831
4.96701
5.02874
5.12688
5.28562
5.54039
5.89969
6.21569
6.51079
6.8221
7.08203
7.3193
7.56473
7.77142
7.96246
8.15857
8.30862
8.42472
8.53064
8.63967
8.73081
8.81283
8.89516
8.96292
9.02274
9.08163
9.12955
9.17153
9.21572
9.26601
9.30861
9.34697
9.38564
9.41757
9.44607
9.47461
9.49826
9.51949
9.54056
9.55644
9.56832
9.57849
9.58825
9.59605
9.60257
9.60859
9.61327
9.61701
9.62028
9.62274
9.6246
9.62616
9.62756
9.62857
9.62922
9.6296
9.62984
9.62994
9.62993
9.62993
9.62994
9.62995
4.75513
4.76443
4.78448
4.81876
4.87428
4.96507
5.11935
5.38716
5.80061
6.13056
6.43169
6.7704
7.03343
7.27115
7.53406
7.74169
7.93381
8.14704
8.29774
8.40844
8.51151
8.62628
8.7165
8.79726
8.8839
8.95089
9.00953
9.07099
9.11775
9.15749
9.20126
9.25577
9.29866
9.33677
9.37774
9.40947
9.43758
9.46767
9.49115
9.51225
9.53484
9.55065
9.56188
9.57162
9.58167
9.58927
9.59557
9.60173
9.60626
9.60983
9.6131
9.61544
9.61715
9.61861
9.62002
9.62097
9.62155
9.62185
9.62203
9.62208
9.622
9.62197
9.62197
9.62197
4.6207
4.62859
4.64568
4.67511
4.72346
4.80473
4.95032
5.22774
5.71324
6.05171
6.35273
6.72765
6.98919
7.22287
7.50962
7.71464
7.90455
8.14154
8.29088
8.39355
8.49219
8.61564
8.70365
8.78185
8.87487
8.94013
8.99665
9.06212
9.10708
9.14371
9.18648
9.247
9.28957
9.32677
9.371
9.40204
9.4293
9.46162
9.48457
9.50519
9.52998
9.54551
9.55585
9.56502
9.57559
9.5829
9.58888
9.59531
9.59965
9.60299
9.60632
9.60851
9.61004
9.61139
9.61285
9.61375
9.61424
9.61445
9.61457
9.61458
9.61442
9.61435
9.61434
9.61434
4.49152
4.49796
4.51195
4.53621
4.57657
4.6462
4.77801
5.05848
5.64158
5.97934
6.27124
6.69594
6.94915
7.17241
7.49285
7.68999
7.87277
8.14337
8.28808
8.37964
8.47171
8.60833
8.69216
8.76591
8.86849
8.93054
8.98361
9.0553
9.09755
9.13003
9.17092
9.24007
9.28131
9.31663
9.36562
9.39524
9.42097
9.45658
9.47846
9.49811
9.52607
9.54102
9.55018
9.55859
9.57004
9.57692
9.58245
9.58935
9.5934
9.59645
9.59993
9.60194
9.60326
9.60448
9.60604
9.60687
9.60728
9.60738
9.60745
9.60741
9.60715
9.60706
9.60704
9.60704
4.3675
4.37248
4.38332
4.40219
4.43394
4.49001
4.60226
4.87424
5.5912
5.91353
6.1835
6.6783
6.91306
7.11698
7.48594
7.66748
7.83588
8.15443
8.28934
8.3663
8.44884
8.60525
8.68192
8.74854
8.86537
8.92204
8.96976
9.05095
9.08916
9.11633
9.15395
9.2355
9.27385
9.30593
9.36191
9.38903
9.41227
9.45279
9.47279
9.49072
9.5233
9.53716
9.54481
9.55222
9.56507
9.5713
9.5762
9.58385
9.5875
9.59017
9.59393
9.59571
9.59679
9.59785
9.59958
9.60033
9.60064
9.60062
9.60065
9.60058
9.6002
9.60009
9.60006
9.60006
4.24858
4.25209
4.25976
4.27317
4.29591
4.33685
4.42339
4.66798
5.56969
5.85413
6.0844
6.67901
6.88064
7.05281
7.492
7.64685
7.79045
8.17741
8.29447
8.35316
8.42197
8.60769
8.6728
8.72854
8.86646
8.91452
8.95425
9.0497
9.08188
9.10253
9.13475
9.23406
9.26714
9.29408
9.36031
9.38336
9.40279
9.45055
9.4675
9.48266
9.52192
9.53388
9.53969
9.54576
9.56077
9.56602
9.57003
9.57887
9.58193
9.58408
9.58833
9.5898
9.5906
9.59146
9.59347
9.5941
9.59431
9.59416
9.59415
9.59406
9.59353
9.59341
9.59339
9.59339
4.13463
4.13671
4.14125
4.14922
4.16279
4.18757
4.24257
4.43011
5.58729
5.80068
5.96711
6.70398
6.85146
6.97494
7.51537
7.62781
7.73197
8.21608
8.30297
8.33997
8.38904
8.61748
8.66466
8.70433
8.87306
8.90784
8.93598
9.05242
9.07563
9.08861
9.11224
9.23677
9.2611
9.28031
9.36145
9.37815
9.39197
9.45031
9.46256
9.47346
9.52229
9.53113
9.53478
9.53903
9.55726
9.56104
9.56384
9.57446
9.57666
9.57813
9.58314
9.58418
9.58468
9.58528
9.58771
9.58817
9.58829
9.58797
9.58795
9.58786
9.58712
9.58702
9.58701
9.58701
4.02555
4.02624
4.02774
4.03036
4.03485
4.04312
4.06216
4.14783
5.65747
5.75222
5.8227
6.76118
6.82492
6.8769
7.56191
7.61007
7.65457
8.27552
8.31393
8.32667
8.34742
8.63709
8.6573
8.67388
8.88694
8.90182
8.91352
9.06028
9.07024
9.0747
9.08501
9.24503
9.25562
9.26365
9.36619
9.37334
9.3791
9.45268
9.45791
9.46252
9.5249
9.52879
9.53005
9.53181
9.55473
9.55634
9.55748
9.57072
9.57165
9.57224
9.57841
9.57885
9.57902
9.57926
9.58232
9.58252
9.58255
9.58203
9.58202
9.58197
9.58096
9.58091
9.5809
9.5809
)
;

boundaryField
{
    left
    {
        type            zeroGradient;
    }
    right
    {
        type            zeroGradient;
    }
    interface
    {
        type            fixedValue;
        value           nonuniform List<scalar> 
64
(
3.97222
3.97222
3.97222
3.97222
3.97222
3.97222
3.97222
3.97222
5.72917
5.72917
5.72917
6.81225
6.81225
6.81225
7.60149
7.60149
7.60149
8.31996
8.31996
8.31996
8.31996
8.6538
8.6538
8.6538
8.89897
8.89897
8.89897
9.06775
9.06775
9.06775
9.06775
9.25301
9.25301
9.25301
9.37102
9.37102
9.37102
9.45565
9.45565
9.45565
9.52772
9.52772
9.52772
9.52772
9.55405
9.55405
9.55405
9.56922
9.56922
9.56922
9.57625
9.57625
9.57625
9.57625
9.57976
9.57976
9.57976
9.57912
9.57912
9.57912
9.57792
9.57792
9.57792
9.57792
)
;
    }
    bottom
    {
        type            fixedValue;
        value           uniform 10;
    }
    defaultFaces
    {
        type            empty;
    }
}


// ************************************************************************* //
