/*--------------------------------*- C++ -*----------------------------------*\
| =========                 |                                                 |
| \\      /  F ield         | OpenFOAM: The Open Source CFD Toolbox           |
|  \\    /   O peration     | Version:  5.x                                   |
|   \\  /    A nd           | Web:      www.OpenFOAM.org                      |
|    \\/     M anipulation  |                                                 |
\*---------------------------------------------------------------------------*/
FoamFile
{
    version     2.0;
    format      ascii;
    class       volScalarField;
    location    "2.2";
    object      gradTx;
}
// * * * * * * * * * * * * * * * * * * * * * * * * * * * * * * * * * * * * * //

dimensions      [0 -1 0 1 0 0 0];

internalField   nonuniform List<scalar> 
2048
(
0.0183806
0.0549036
0.0906992
0.125226
0.157877
0.187999
0.214921
0.238013
0.256759
0.270806
0.280013
0.284452
0.284398
0.280291
0.272684
0.2622
0.24948
0.23515
0.219789
0.203913
0.187959
0.172282
0.157153
0.142773
0.129273
0.11673
0.105176
0.094608
0.0849975
0.0762952
0.0684392
0.0613603
0.0549872
0.0492496
0.0440818
0.0394241
0.0352236
0.031434
0.0280154
0.0249333
0.0221581
0.0196637
0.017427
0.0154268
0.0136434
0.0120582
0.0106533
0.00941133
0.0083156
0.00734995
0.00649883
0.00574725
0.00508083
0.00448585
0.00394933
0.0034592
0.00300448
0.00257549
0.00216408
0.00176366
0.00136927
0.000977513
0.000586459
0.00019548
0.0545348
0.162915
0.269184
0.371755
0.468826
0.558431
0.638538
0.707236
0.762943
0.804592
0.831749
0.844645
0.844124
0.831523
0.808522
0.776997
0.738875
0.69603
0.650194
0.602899
0.555441
0.508867
0.46398
0.421358
0.381383
0.344274
0.310119
0.278903
0.250531
0.224856
0.201688
0.18082
0.162036
0.145129
0.1299
0.116174
0.103794
0.0926241
0.0825459
0.073459
0.065276
0.0579208
0.0513256
0.0454284
0.0401715
0.0355
0.0313608
0.0277029
0.0244769
0.0216349
0.019131
0.0169209
0.014962
0.0132138
0.0116375
0.0101975
0.00886115
0.00759967
0.00638882
0.00520913
0.004046
0.00288933
0.00173339
0.000577579
0.0896278
0.267807
0.442673
0.611673
0.771841
0.919867
1.05228
1.16579
1.25765
1.32603
1.37018
1.39052
1.38855
1.36655
1.32741
1.27431
1.21048
1.13905
1.06292
0.984593
0.906215
0.829487
0.755703
0.685784
0.620325
0.559658
0.5039
0.453007
0.406807
0.36504
0.327387
0.293494
0.263
0.235558
0.210842
0.188562
0.168462
0.150322
0.133951
0.119187
0.10589
0.0939372
0.0832202
0.0736396
0.0651022
0.0575187
0.0508031
0.0448719
0.0396444
0.0350426
0.0309914
0.0274184
0.0242541
0.0214317
0.0188881
0.0165642
0.0144062
0.0123668
0.0104061
0.00849212
0.0066013
0.00471744
0.00283016
0.000942332
0.123927
0.370414
0.612649
0.847225
1.07003
1.27632
1.46104
1.6193
1.74702
1.84146
1.90157
1.92802
1.92306
1.89009
1.83333
1.75734
1.66676
1.56602
1.45915
1.34968
1.24055
1.13409
1.03204
0.935601
0.845542
0.762261
0.685875
0.616281
0.553211
0.496277
0.445013
0.398912
0.357461
0.320167
0.286578
0.256294
0.228964
0.204288
0.182011
0.161914
0.143809
0.127534
0.112944
0.0999044
0.0882907
0.0779815
0.0688591
0.0608093
0.0537211
0.0474879
0.0420065
0.037178
0.0329065
0.0291004
0.025672
0.0225396
0.0196284
0.0168726
0.0142166
0.0116164
0.00904032
0.00646745
0.00388133
0.0012914
0.157586
0.471234
0.780058
1.07994
1.36565
1.63088
1.86871
2.07235
2.23609
2.35613
2.43107
2.46196
2.45197
2.40586
2.32934
2.22855
2.10959
1.97825
1.83977
1.69865
1.55865
1.42265
1.29279
1.17051
1.05667
0.951688
0.855639
0.768328
0.689367
0.618221
0.554261
0.496809
0.445189
0.398758
0.356937
0.319217
0.28516
0.254396
0.226607
0.201528
0.178928
0.15861
0.140398
0.12413
0.10965
0.0968077
0.0854554
0.0754487
0.0666482
0.0589192
0.0521324
0.046163
0.0408904
0.0361981
0.031975
0.0281162
0.024526
0.0211199
0.0178268
0.0145903
0.011371
0.00814591
0.00489176
0.00162678
0.19065
0.570447
0.945342
1.31072
1.66022
1.98582
2.27837
2.52872
2.72911
2.87445
2.96297
2.99627
2.97873
2.91675
2.8178
2.68974
2.5403
2.37667
2.20533
2.0318
1.86058
1.69511
1.53782
1.39032
1.25349
1.12772
1.01297
0.908942
0.815091
0.730716
0.655003
0.587087
0.52611
0.471275
0.421873
0.377294
0.337019
0.300612
0.267707
0.237993
0.211208
0.187124
0.165542
0.146274
0.129139
0.113959
0.100557
0.0887588
0.0783977
0.0693125
0.0613488
0.0543574
0.048194
0.0427182
0.0377948
0.0332961
0.0291052
0.0251183
0.021248
0.0174257
0.0136046
0.00976152
0.00586708
0.00195057
0.223059
0.667927
1.10846
1.53982
1.95459
2.34277
2.6925
2.99162
3.22977
3.40023
3.5009
3.53418
3.50606
3.42494
3.30037
3.14216
2.95975
2.76184
2.55615
2.34923
2.14634
1.95138
1.76704
1.59494
1.43593
1.29027
1.15781
1.03807
0.930351
0.833753
0.747257
0.669782
0.600278
0.537779
0.48145
0.430583
0.384589
0.34298
0.305343
0.271335
0.240665
0.213085
0.188378
0.166335
0.146755
0.129432
0.114159
0.100736
0.0889668
0.0786656
0.0696543
0.0617614
0.0548196
0.048665
0.0431388
0.0380896
0.0333785
0.028882
0.0244958
0.020138
0.0157548
0.0113248
0.0068138
0.00226509
0.254653
0.763253
1.26892
1.76695
2.24898
2.70277
3.11306
3.46383
3.74134
3.93686
4.048
4.07834
4.03605
3.93201
3.77821
3.5866
3.36846
3.13403
2.89231
2.65092
2.41585
2.1914
1.98037
1.78434
1.60399
1.43939
1.29021
1.15579
1.03524
0.927444
0.831154
0.745047
0.66785
0.598425
0.53581
0.479213
0.427986
0.381598
0.339601
0.301625
0.267358
0.23654
0.208941
0.184343
0.162522
0.143247
0.126283
0.111399
0.0983723
0.0869934
0.0770626
0.0683876
0.0607798
0.0540523
0.0480218
0.0425129
0.0373635
0.0324296
0.0275889
0.0227451
0.0178373
0.0128476
0.00773918
0.00257281
0.285174
0.855722
1.42577
1.99125
2.54304
3.06632
3.54162
3.94786
4.26688
4.48743
4.60699
4.63094
4.57029
4.43902
4.25197
4.02345
3.76661
3.49325
3.21372
2.93672
2.66896
2.41507
2.17782
1.95859
1.7578
1.57524
1.41035
1.26229
1.12994
1.012
0.906921
0.813119
0.729067
0.653443
0.585164
0.523371
0.467374
0.41661
0.370607
0.328971
0.291378
0.257562
0.227294
0.20035
0.176487
0.155449
0.136968
0.120784
0.106646
0.0943245
0.0835986
0.0742583
0.0660953
0.0589
0.052464
0.0465864
0.0410812
0.0357826
0.0305487
0.0252672
0.0198696
0.0143429
0.00865097
0.00287638
0.314276
0.944366
1.57763
2.21132
2.83582
3.43343
3.97942
4.44608
4.80935
5.05486
5.1803
5.19369
5.10981
4.94652
4.7219
4.45274
4.15412
3.83935
3.52014
3.20636
2.90548
2.6223
2.35943
2.11785
1.89757
1.69806
1.5185
1.35782
1.21474
1.08769
0.974859
0.874311
0.784236
0.703119
0.62977
0.563284
0.502951
0.448191
0.398514
0.353508
0.31284
0.276249
0.243517
0.214424
0.188713
0.166094
0.146268
0.128939
0.113834
0.100697
0.0892955
0.0794024
0.0707922
0.0632329
0.0564894
0.0503337
0.0445549
0.0389642
0.0333983
0.027726
0.0218703
0.0158245
0.00955725
0.0031785
0.341534
1.02797
1.72273
2.4252
3.12578
3.80365
4.42748
4.96083
5.37173
5.64196
5.77007
5.76791
5.65523
5.45462
5.18785
4.87427
4.53077
4.17206
3.81126
3.45954
3.12518
2.81305
2.52529
2.26232
2.02361
1.8082
1.61498
1.44272
1.28994
1.15486
1.03533
0.928995
0.833718
0.747784
0.669921
0.599205
0.534938
0.476537
0.423497
0.37539
0.331876
0.292709
0.257702
0.226647
0.199273
0.175253
0.154248
0.135927
0.119987
0.106158
0.0941923
0.0838532
0.0749002
0.0670787
0.0601243
0.05378
0.0478091
0.0419987
0.0361619
0.0301446
0.0238594
0.0173066
0.0104662
0.00348193
0.366458
1.10513
1.8589
2.6304
3.41079
4.176
4.88662
5.49456
5.95718
6.25156
6.37821
6.3545
6.20663
5.96299
5.64935
5.28759
4.89619
4.49104
4.08666
3.69587
3.32785
2.9873
2.6756
2.39235
2.13632
1.90607
1.70022
1.51737
1.35592
1.21388
1.08873
0.977588
0.877913
0.7878
0.70593
0.631405
0.563571
0.501857
0.445742
0.394783
0.348628
0.30706
0.269945
0.237106
0.208249
0.183004
0.160982
0.141812
0.125165
0.110757
0.0983317
0.0876466
0.078451
0.0704671
0.0633967
0.0569513
0.0508684
0.0449105
0.0388641
0.0325472
0.0258578
0.0188037
0.0113857
0.00378934
0.388512
1.17424
1.98366
2.82392
3.68806
4.54901
5.3575
6.04997
6.56914
6.88645
7.00636
6.95393
6.76364
6.47089
6.10567
5.69211
5.24998
4.79592
4.34591
3.91492
3.51325
3.14508
2.8106
2.50835
2.2362
1.99217
1.77468
1.58219
1.41305
1.26515
1.1355
1.02055
0.917255
0.823551
0.738124
0.660156
0.589085
0.524361
0.465444
0.411862
0.363248
0.319423
0.280346
0.245889
0.215729
0.18943
0.166549
0.146669
0.129433
0.114549
0.101758
0.0908192
0.0814767
0.0734284
0.0663352
0.0598734
0.0537566
0.0477231
0.0415296
0.0349587
0.0278873
0.0203304
0.0123232
0.0041032
0.40714
1.23365
2.09427
3.00225
3.95416
4.9206
5.84066
6.63018
7.21151
7.5495
7.65587
7.56625
7.32537
6.97717
6.5558
6.08713
5.59178
5.08643
4.58854
4.11618
3.68114
3.2865
2.93065
2.61082
2.32382
2.06706
1.83886
1.63762
1.46172
1.30906
1.1761
1.05837
0.952199
0.85543
0.766831
0.685728
0.611715
0.544263
0.482796
0.42681
0.375892
0.329919
0.289
0.253087
0.221801
0.19462
0.171034
0.150574
0.132857
0.117591
0.104518
0.0934072
0.0840089
0.0759935
0.0689688
0.0625713
0.0564961
0.0504585
0.0441822
0.0374051
0.0299711
0.021901
0.0132852
0.00442552
0.421793
1.28166
2.18781
3.16146
4.20491
5.28799
6.3365
7.23892
7.88879
8.24354
8.32776
8.191
7.89039
7.48034
6.9986
6.47186
5.92132
5.3624
4.81405
4.29907
3.83133
3.41179
3.03621
2.70039
2.39984
2.13134
1.89332
1.68413
1.5023
1.34599
1.21104
1.09159
0.983216
0.883834
0.792372
0.708375
0.631683
0.561771
0.497993
0.439813
0.386723
0.338664
0.295996
0.258785
0.226558
0.198663
0.174523
0.153607
0.135506
0.119938
0.106656
0.0954445
0.0860772
0.0781937
0.0713268
0.0650686
0.0591067
0.0531363
0.0468447
0.0399136
0.0321338
0.023529
0.014276
0.00475732
0.431959
1.31663
2.26134
3.29722
4.43536
5.64754
6.84528
7.88085
8.60634
8.97129
9.02263
8.82728
8.45669
7.97856
7.43277
6.84551
6.23853
5.62389
5.02189
4.46287
3.96363
3.52127
3.12782
2.77777
2.46501
2.18565
1.93862
1.72217
1.53511
1.3763
1.24081
1.12077
1.01078
0.909152
0.81506
0.72833
0.649199
0.577083
0.511221
0.451061
0.395906
0.345767
0.301408
0.263068
0.230093
0.201651
0.177106
0.15585
0.137446
0.121649
0.108216
0.0969617
0.0877086
0.0800603
0.0734393
0.067387
0.0616058
0.055773
0.0495379
0.042513
0.0344023
0.0252267
0.0152967
0.00509803
0.437201
1.33709
2.31195
3.40496
4.63976
5.99454
7.36693
8.56182
9.37055
9.73512
9.74054
9.47372
9.02157
8.46973
7.85701
7.20718
6.54361
5.8713
5.21143
4.60667
4.0779
3.61545
3.20611
2.84375
2.52016
2.23065
1.97537
1.75224
1.56041
1.40027
1.26597
1.14654
1.03536
0.931761
0.83519
0.745793
0.664455
0.590394
0.522657
0.460753
0.403618
0.351324
0.305296
0.266015
0.232502
0.203675
0.178873
0.157385
0.138744
0.12278
0.109243
0.0979846
0.0889258
0.081626
0.0753379
0.0695454
0.064007
0.0583816
0.0522795
0.0452346
0.0368068
0.0270042
0.0163436
0.0054446
0.437185
1.34183
2.33702
3.47998
4.81153
6.32294
7.90092
9.28945
10.1892
10.5367
10.481
10.1286
9.58156
8.95156
8.27014
7.55584
6.83718
6.10551
5.38186
4.72923
4.17414
3.69507
3.27173
2.89924
2.56621
2.26696
2.00421
1.77483
1.57839
1.41812
1.28712
1.16958
1.0574
0.952018
0.853046
0.760921
0.677627
0.601892
0.532457
0.469096
0.41005
0.355411
0.30769
0.267702
0.233889
0.204824
0.179915
0.158297
0.139463
0.123387
0.109779
0.0985323
0.0897459
0.0829261
0.0770565
0.071559
0.0663205
0.0609706
0.0550826
0.0481135
0.0393821
0.0288681
0.0174059
0.00579049
0.431708
1.32999
2.33428
3.51765
4.94329
6.62499
8.44587
10.0737
11.0721
11.3761
11.2428
10.7902
10.1321
9.42172
8.67125
7.89013
7.12035
6.32812
5.53208
4.82885
4.25249
3.76119
3.32536
2.94521
2.60419
2.29513
2.02579
1.79053
1.58906
1.42993
1.30495
1.19067
1.07727
0.970255
0.868908
0.773813
0.688877
0.611766
0.540747
0.476308
0.415419
0.35808
0.308594
0.268208
0.234366
0.205178
0.180323
0.158672
0.139657
0.123526
0.109868
0.0986155
0.0901784
0.084
0.0786337
0.0734372
0.068553
0.063544
0.0579531
0.0511901
0.0421705
0.0308197
0.018464
0.00612481
0.420719
1.30116
2.30206
3.51364
5.02697
6.89087
8.99896
10.9278
12.0313
12.2512
12.0241
11.457
10.6674
9.87803
9.05997
8.20802
7.39493
6.54171
5.66045
4.90322
4.31341
3.8153
3.36748
2.98275
2.63527
2.31553
2.04082
1.79998
1.5923
1.4356
1.32026
1.21072
1.09525
0.98678
0.883065
0.784481
0.698361
0.620219
0.547602
0.482634
0.419978
0.359346
0.307963
0.26762
0.234059
0.204808
0.18019
0.158601
0.13937
0.123256
0.109561
0.0982332
0.090222
0.0848952
0.0801146
0.0751809
0.0707087
0.0661019
0.0608861
0.054513
0.0452243
0.0328524
0.0194867
0.00643165
0.404332
1.25536
2.23941
3.4642
5.054
7.10825
9.55502
11.8694
13.0821
13.1558
12.8228
12.1282
11.1793
10.3188
9.4369
8.50622
7.66366
6.75028
5.76452
4.94908
4.35785
3.8595
3.39828
3.01305
2.66084
2.32827
2.05012
1.80404
1.58773
1.4348
1.33404
1.23082
1.11141
1.00189
0.895849
0.792817
0.706242
0.627483
0.553016
0.488347
0.424045
0.359169
0.305701
0.266039
0.233122
0.203761
0.179611
0.158181
0.13863
0.122636
0.108913
0.0973698
0.0898613
0.0856711
0.0815547
0.0767777
0.0727907
0.0686412
0.0638596
0.0581417
0.048611
0.0349477
0.0204293
0.00669007
0.382823
1.19319
2.14622
3.36648
5.01565
7.26188
10.1051
12.9222
14.2446
14.077
13.6367
12.8054
11.6567
10.7434
9.80418
8.77927
7.93051
6.9598
5.84055
4.962
4.38757
3.89668
3.41727
3.03751
2.68261
2.33296
2.05461
1.80383
1.57461
1.42685
1.3476
1.2523
1.12552
1.01587
0.90768
0.798532
0.712715
0.633852
0.556852
0.493773
0.428025
0.357431
0.301638
0.263603
0.231741
0.202046
0.178686
0.157526
0.137434
0.121734
0.107997
0.0959894
0.0890607
0.0864052
0.0830239
0.0781945
0.0748045
0.0711586
0.0668256
0.062152
0.0524191
0.03707
0.0212328
0.0068748
0.356619
1.11569
2.02332
3.21883
4.9035
7.33336
10.6345
14.118
15.5448
14.9926
14.4645
13.4932
12.0835
11.1527
10.1663
9.01818
8.20119
7.17903
5.88288
4.93596
4.40547
3.93083
3.42287
3.0578
2.70281
2.32847
2.05545
1.80093
1.55179
1.41061
1.36261
1.27684
1.13686
1.02908
0.919133
0.801064
0.718043
0.639722
0.558773
0.499311
0.432456
0.353906
0.295517
0.2605
0.230153
0.199612
0.177528
0.156769
0.135739
0.120626
0.106905
0.0940304
0.0877578
0.0872012
0.0846125
0.0793662
0.0767634
0.0736555
0.0696971
0.0666422
0.0567672
0.0391585
0.0218226
0.00695788
0.326281
1.02441
1.87252
3.02109
4.71011
7.301
11.1197
15.4994
17.0169
15.8654
15.3074
14.2017
12.4364
11.5507
10.5314
9.20843
8.48383
7.42041
5.88303
4.86297
4.41619
3.96737
3.41176
3.07607
2.72439
2.31249
2.05414
1.79757
1.51751
1.38433
1.38135
1.3066
1.14401
1.04198
0.931042
0.799448
0.722609
0.645652
0.558138
0.505475
0.438054
0.348213
0.286968
0.257
0.228662
0.196311
0.176273
0.156081
0.133439
0.11941
0.105766
0.0913963
0.0858539
0.0881994
0.0864396
0.0801798
0.078696
0.0761451
0.0723297
0.071742
0.0618141
0.0411171
0.0221099
0.00691105
0.292468
0.921259
1.69656
2.77487
4.42984
7.14027
11.5244
17.1231
18.7069
16.6374
16.1715
14.949
12.6809
11.9454
10.9127
9.32717
8.79001
7.70141
5.82853
4.7326
4.42669
4.01365
3.37792
3.09527
2.75143
2.28101
2.05272
1.79685
1.46923
1.34545
1.40688
1.34436
1.14447
1.05527
0.944632
0.792128
0.727004
0.652452
0.553858
0.51294
0.445789
0.339752
0.275493
0.253486
0.227666
0.191859
0.175093
0.155686
0.130331
0.118209
0.104756
0.0879467
0.0832017
0.0895902
0.0886634
0.0804514
0.080658
0.0786641
0.0744959
0.0776243
0.0677732
0.0427991
0.0219937
0.00670879
0.255907
0.808458
1.499
2.48368
4.05979
6.82478
11.794
19.064
20.6763
17.2206
17.0709
15.7647
12.7666
12.3517
11.3309
9.33941
9.13619
8.04602
5.70135
4.5316
4.44713
4.07947
3.31146
3.11958
2.78955
2.22751
2.05407
1.80313
1.40336
1.29039
1.44331
1.39377
1.13422
1.07008
0.961689
0.776693
0.732132
0.66129
0.544198
0.522626
0.456953
0.327629
0.260441
0.2505
0.227684
0.185764
0.174224
0.155887
0.126083
0.117193
0.104117
0.0834836
0.0795914
0.0916295
0.091495
0.0798958
0.0827483
0.0812888
0.0758508
0.0845222
0.0749286
0.0439871
0.021365
0.00633147
0.21735
0.68839
1.28408
2.15294
3.60082
6.32822
11.8484
21.4203
23.0078
17.486
18.0334
16.6945
12.6202
12.7939
11.8166
9.19308
9.54572
8.48652
5.47588
4.24348
4.49175
4.17785
3.19699
3.15507
2.84654
2.14202
2.06223
1.82231
1.31503
1.21425
1.49605
1.45961
1.10716
1.08816
0.984788
0.749529
0.739372
0.673842
0.526525
0.535798
0.473266
0.310547
0.240991
0.248789
0.229394
0.177255
0.173998
0.157096
0.120175
0.116595
0.104177
0.0777375
0.0747325
0.0946577
0.0952174
0.0780854
0.0851298
0.0841571
0.0758871
0.0927494
0.0836554
0.0443668
0.0201142
0.00576828
0.177545
0.563498
1.05648
1.78985
3.05848
5.6276
11.573
24.3191
25.8121
17.2492
19.1064
17.8048
12.1369
13.3099
12.4143
8.81258
10.0516
9.0656
5.11655
3.84829
4.57991
4.32588
3.01165
3.21059
2.93309
2.00978
2.083
1.86229
1.1977
1.11052
1.57224
1.54813
1.05434
1.11229
1.01755
0.705363
0.750786
0.692467
0.496973
0.554209
0.496972
0.286686
0.216143
0.249355
0.233681
0.165168
0.17489
0.159873
0.111831
0.11674
0.10537
0.0703495
0.068234
0.0991211
0.100208
0.0743981
0.0880568
0.0874975
0.0738778
0.102729
0.0944421
0.0434922
0.0181417
0.00501949
0.137197
0.436155
0.821069
1.40307
2.44372
4.70803
10.8067
27.9232
29.2373
16.2525
20.366
19.1894
11.169
13.9563
13.186
8.09087
10.6998
9.83847
4.57476
3.32255
4.73712
4.54584
2.72257
3.29894
3.06362
1.80966
2.12461
1.93336
1.04284
0.97075
1.68104
1.66752
0.963045
1.14667
1.06497
0.636698
0.769383
0.720429
0.450034
0.580289
0.530966
0.253541
0.184715
0.253515
0.241691
0.14783
0.177574
0.164974
0.0999401
0.118084
0.108262
0.0608532
0.0595812
0.105594
0.106971
0.0679528
0.0919082
0.0916653
0.0688046
0.115026
0.107916
0.0407424
0.0153747
0.00409787
0.09695
0.30857
0.582636
1.00221
1.77313
3.56946
9.32919
32.438
33.4794
14.1434
21.9283
20.9762
9.51273
14.815
14.2163
6.87992
11.5545
10.8752
3.78549
2.63954
4.99606
4.86656
2.28392
3.43833
3.25733
1.51223
2.19865
2.04861
0.839418
0.784214
1.83403
1.82843
0.815712
1.19751
1.13376
0.533118
0.799459
0.762148
0.378068
0.617379
0.578901
0.207746
0.14536
0.262948
0.2549
0.122895
0.183008
0.173399
0.082947
0.121263
0.11357
0.0486541
0.0481112
0.114804
0.11617
0.0575307
0.0972283
0.0971881
0.059272
0.130397
0.124871
0.0352693
0.0117918
0.00302929
0.0573612
0.182704
0.345643
0.59715
1.06847
2.23566
6.8437
38.1198
38.7959
10.4498
23.9625
23.3348
6.89245
16.001
15.6183
4.97941
12.7028
12.263
2.6633
1.76988
5.3974
5.32494
1.63343
3.65422
3.53929
1.0775
2.32119
2.22431
0.57356
0.537527
2.0456
2.04457
0.588618
1.27368
1.23275
0.380474
0.847004
0.823491
0.270712
0.670031
0.645315
0.144868
0.0966026
0.279739
0.275199
0.0871748
0.192519
0.186456
0.0587374
0.12715
0.122186
0.0330095
0.032987
0.127652
0.128678
0.041484
0.104774
0.104819
0.0434063
0.149835
0.146296
0.0259349
0.00745809
0.00185289
0.018896
0.060209
0.114009
0.197384
0.35529
0.76568
2.95928
45.2831
45.5207
4.55142
26.7072
26.4844
2.9423
17.6719
17.5388
2.12394
14.2624
14.1081
1.09799
0.682683
5.99039
5.9679
0.688459
3.98143
3.94162
0.452306
2.51417
2.48019
0.228047
0.214338
2.33325
2.33354
0.250418
1.38757
1.37329
0.15995
0.920183
0.912083
0.114229
0.744361
0.735729
0.0591771
0.0368966
0.306411
0.304988
0.0364324
0.207914
0.205823
0.0244991
0.136929
0.135188
0.0130094
0.0131717
0.145234
0.145629
0.0176308
0.115565
0.115597
0.0187392
0.174638
0.173403
0.0112413
0.00257293
0.000621234
)
;

boundaryField
{
    left
    {
        type            calculated;
        value           uniform 0;
    }
    right
    {
        type            calculated;
        value           uniform 0;
    }
    interface
    {
        type            calculated;
        value           nonuniform List<scalar> 
64
(
0.018896
0.060209
0.114009
0.197384
0.35529
0.76568
2.95928
45.2831
45.5207
4.55142
26.7072
26.4844
2.9423
17.6719
17.5388
2.12394
14.2624
14.1081
1.09799
0.682683
5.99039
5.9679
0.688459
3.98143
3.94162
0.452306
2.51417
2.48019
0.228047
0.214338
2.33325
2.33354
0.250418
1.38757
1.37329
0.15995
0.920183
0.912083
0.114229
0.744361
0.735729
0.0591771
0.0368966
0.306411
0.304988
0.0364324
0.207914
0.205823
0.0244991
0.136929
0.135188
0.0130094
0.0131717
0.145234
0.145629
0.0176308
0.115565
0.115597
0.0187392
0.174638
0.173403
0.0112413
0.00257293
0.000621234
)
;
    }
    bottom
    {
        type            calculated;
        value           nonuniform List<scalar> 
64
(
0.0183806
0.0549036
0.0906992
0.125226
0.157877
0.187999
0.214921
0.238013
0.256759
0.270806
0.280013
0.284452
0.284398
0.280291
0.272684
0.2622
0.24948
0.23515
0.219789
0.203913
0.187959
0.172282
0.157153
0.142773
0.129273
0.11673
0.105176
0.094608
0.0849975
0.0762952
0.0684392
0.0613603
0.0549872
0.0492496
0.0440818
0.0394241
0.0352236
0.031434
0.0280154
0.0249333
0.0221581
0.0196637
0.017427
0.0154268
0.0136434
0.0120582
0.0106533
0.00941133
0.0083156
0.00734995
0.00649883
0.00574725
0.00508083
0.00448585
0.00394933
0.0034592
0.00300448
0.00257549
0.00216408
0.00176366
0.00136927
0.000977513
0.000586459
0.00019548
)
;
    }
    defaultFaces
    {
        type            empty;
    }
}


// ************************************************************************* //
