/*--------------------------------*- C++ -*----------------------------------*\
| =========                 |                                                 |
| \\      /  F ield         | OpenFOAM: The Open Source CFD Toolbox           |
|  \\    /   O peration     | Version:  5.x                                   |
|   \\  /    A nd           | Web:      www.OpenFOAM.org                      |
|    \\/     M anipulation  |                                                 |
\*---------------------------------------------------------------------------*/
FoamFile
{
    version     2.0;
    format      ascii;
    class       volScalarField;
    location    "2.1";
    object      gradTx;
}
// * * * * * * * * * * * * * * * * * * * * * * * * * * * * * * * * * * * * * //

dimensions      [0 -1 0 1 0 0 0];

internalField   nonuniform List<scalar> 
2048
(
0.0180109
0.0537963
0.0888602
0.122667
0.154615
0.184062
0.210346
0.232849
0.251064
0.264652
0.273476
0.277617
0.277352
0.27312
0.265472
0.255025
0.242413
0.228251
0.21311
0.197493
0.181828
0.166457
0.151647
0.137588
0.124405
0.11217
0.100914
0.09063
0.081288
0.0728386
0.0652204
0.058365
0.0522022
0.046663
0.0416827
0.0372028
0.0331709
0.0295414
0.0262747
0.0233366
0.0206973
0.0183308
0.0162138
0.0143252
0.0126455
0.011156
0.00983908
0.0086778
0.00765586
0.0067576
0.00596803
0.00527275
0.00465797
0.00411059
0.00361819
0.00316927
0.00275335
0.00236122
0.0019851
0.00161874
0.00125747
0.000898132
0.000539011
0.000179692
0.0534405
0.159637
0.263739
0.364175
0.459162
0.546762
0.624974
0.69192
0.746053
0.786334
0.812357
0.824369
0.823223
0.810255
0.787138
0.755728
0.717933
0.675595
0.630417
0.583896
0.537299
0.491642
0.4477
0.406031
0.366998
0.330806
0.297533
0.267156
0.239578
0.21465
0.192184
0.171976
0.153814
0.137491
0.122816
0.109615
0.0977334
0.087036
0.0774069
0.0687453
0.0609641
0.053987
0.0477459
0.0421788
0.037228
0.0328391
0.0289599
0.0255401
0.0225318
0.0198886
0.0175662
0.015522
0.0137153
0.0121072
0.010661
0.00934241
0.00812037
0.00696751
0.0058607
0.00478148
0.00371607
0.00265505
0.00159332
0.000530949
0.087837
0.262441
0.433756
0.599253
0.755997
0.900724
1.03002
1.14064
1.2299
1.29602
1.3383
1.3572
1.3542
1.33162
1.2923
1.23941
1.17613
1.10556
1.03053
0.953496
0.876548
0.801339
0.729119
0.66077
0.596861
0.537699
0.483386
0.433866
0.388963
0.348416
0.311907
0.279088
0.249605
0.223115
0.199301
0.177876
0.158588
0.141219
0.125581
0.111511
0.0988698
0.0875345
0.0773958
0.068354
0.0603161
0.0531935
0.0469013
0.0413579
0.0364846
0.0322059
0.0284495
0.025146
0.0222286
0.0196336
0.0173009
0.0151739
0.0132015
0.0113385
0.00954679
0.00779617
0.00606433
0.00433615
0.00260208
0.000866327
0.121465
0.363036
0.60038
0.830123
1.04819
1.24992
1.4303
1.58454
1.70865
1.79996
1.85748
1.88194
1.87557
1.84181
1.78483
1.70917
1.6194
1.51988
1.41457
1.30693
1.19981
1.09547
0.995598
0.901342
0.813429
0.732228
0.657832
0.590125
0.528833
0.473568
0.423867
0.379233
0.33916
0.303166
0.270808
0.24169
0.21547
0.191851
0.170577
0.151432
0.134227
0.118798
0.105
0.0926993
0.0817694
0.0720906
0.0635469
0.0560263
0.0494212
0.0436281
0.038548
0.0340857
0.0301497
0.0266524
0.0235103
0.0206454
0.0179864
0.0154704
0.0130445
0.0106669
0.00830758
0.00594719
0.00357
0.00118754
0.154478
0.461916
0.764552
1.0583
1.33798
1.59738
1.82966
2.02815
2.18727
2.3033
2.37494
2.40329
2.39154
2.34446
2.26771
2.16739
2.04952
1.91981
1.78337
1.64464
1.50724
1.37399
1.24693
1.12744
1.01633
0.913992
0.820463
0.735536
0.658813
0.589762
0.527761
0.472144
0.422247
0.377443
0.337162
0.300905
0.268242
0.238804
0.212278
0.188396
0.166929
0.147677
0.130463
0.115124
0.101503
0.0894526
0.0788257
0.0694817
0.0612851
0.0541058
0.0478194
0.0423063
0.0374511
0.033143
0.0292758
0.0257498
0.0224735
0.0193664
0.0163604
0.0134019
0.0104537
0.00749464
0.00450193
0.0014966
0.186922
0.559262
0.926709
1.28468
1.62687
1.94537
2.23115
2.47521
2.66994
2.81039
2.89489
2.92511
2.90548
2.84236
2.74321
2.6158
2.46778
2.30622
2.13746
1.9669
1.7989
1.63681
1.48295
1.33886
1.20535
1.08277
0.971058
0.869889
0.778716
0.69684
0.623457
0.557719
0.498789
0.445886
0.398316
0.355479
0.316865
0.282042
0.250645
0.222365
0.196936
0.17413
0.153743
0.135586
0.119478
0.105242
0.0927036
0.0816935
0.0720494
0.0636158
0.0562442
0.0497921
0.0441215
0.0390987
0.034595
0.030489
0.0266688
0.0230355
0.0195055
0.0160129
0.0125138
0.00898705
0.0054034
0.0017956
0.218738
0.654953
1.08682
1.50952
1.91571
2.29551
2.63722
2.92887
3.1603
3.32497
3.4209
3.45058
3.42004
3.33766
3.21294
3.05562
2.87499
2.67964
2.4771
2.27378
2.07478
1.88385
1.70357
1.53549
1.38039
1.23847
1.10955
0.993132
0.888507
0.794788
0.710967
0.635991
0.568831
0.508549
0.454323
0.405461
0.361383
0.321602
0.28571
0.253361
0.224263
0.198164
0.17484
0.154084
0.13569
0.119455
0.105176
0.0926581
0.081711
0.0721555
0.0638209
0.056543
0.0501624
0.0445234
0.0394747
0.0348725
0.0305841
0.0264915
0.0224946
0.0185148
0.0145011
0.0104346
0.00628075
0.00208679
0.249769
0.748578
1.2444
1.73255
2.20473
2.64883
3.04981
3.39189
3.66158
3.85038
3.95605
3.98229
3.93728
3.83188
3.67802
3.48757
3.27163
3.04029
2.80237
2.56526
2.33476
2.11503
1.90873
1.71733
1.54146
1.38114
1.23599
1.10534
0.988274
0.883711
0.790416
0.7071
0.632523
0.565577
0.50532
0.450974
0.401903
0.357577
0.317551
0.281451
0.248964
0.219822
0.19379
0.170645
0.150162
0.132111
0.116263
0.102393
0.0902856
0.0797391
0.070562
0.0625708
0.0555857
0.0494296
0.0439283
0.0389152
0.0342357
0.0297517
0.0253458
0.0209248
0.0164308
0.0118489
0.00714103
0.00237259
0.279762
0.839445
1.39852
1.95292
2.49357
3.00583
3.47047
3.86675
4.17681
4.38968
4.50304
4.52237
4.45871
4.32602
4.13906
3.912
3.65785
3.3882
3.11315
2.84116
2.57871
2.33024
2.09839
1.88443
1.68869
1.51094
1.35056
1.20668
1.0782
0.963812
0.862023
0.771277
0.690094
0.617189
0.551505
0.492196
0.438582
0.390103
0.346287
0.306738
0.271125
0.239176
0.210651
0.185319
0.162938
0.143253
0.126002
0.110932
0.0978037
0.0863932
0.076491
0.067896
0.0604105
0.0538358
0.0479747
0.0426363
0.0376432
0.0328365
0.0280792
0.0232622
0.0183199
0.0132425
0.00799176
0.00265558
0.308376
0.9266
1.54782
2.16925
2.78132
3.36653
3.90046
4.35581
4.70891
4.94575
5.06424
5.07251
4.98537
4.82063
4.59627
4.32895
4.03357
3.72318
3.40921
3.10123
2.80643
2.52941
2.27261
2.03692
1.82227
1.62809
1.4535
1.29742
1.15855
1.03536
0.926078
0.828821
0.74184
0.663661
0.593127
0.529343
0.471609
0.419347
0.372065
0.329349
0.290857
0.256317
0.225499
0.198173
0.17408
0.152934
0.134443
0.118323
0.104307
0.0921543
0.081639
0.072546
0.0646611
0.057765
0.0516357
0.0460573
0.0408284
0.0357677
0.030717
0.025548
0.0201864
0.0146288
0.00884079
0.00293839
0.335193
1.00885
1.69055
2.37962
3.06646
3.73049
4.34078
4.86137
5.26083
5.52136
5.64176
5.634
5.51782
5.31577
5.04948
4.73817
4.39851
4.04494
3.69021
3.34516
3.0177
2.71248
2.43148
2.17503
1.94252
1.73294
1.54515
1.37788
1.22964
1.09869
0.982929
0.880092
0.788105
0.705311
0.630466
0.56266
0.501197
0.445497
0.395052
0.349431
0.308284
0.27135
0.238424
0.209285
0.183657
0.161222
0.14165
0.124621
0.109846
0.0970657
0.0860429
0.0765519
0.0683652
0.0612428
0.0549359
0.0492016
0.043814
0.0385682
0.0332822
0.0278044
0.0220497
0.0160215
0.00969608
0.00322374
0.359728
1.0848
1.82458
2.58157
3.34691
4.09678
4.79225
5.38588
5.8357
6.1193
6.23748
6.2077
6.05614
5.8111
5.49822
5.1392
4.75231
4.35313
3.95576
3.57256
3.21231
2.87944
2.57519
2.29908
2.04981
1.8259
1.62592
1.44844
1.29183
1.15416
1.03297
0.925491
0.829279
0.742486
0.663824
0.592405
0.527572
0.468752
0.415426
0.367143
0.323544
0.284389
0.249518
0.218737
0.191749
0.168192
0.147691
0.129891
0.114477
0.101176
0.0897429
0.0799476
0.0715524
0.0642965
0.0579007
0.0520928
0.0466226
0.0412607
0.0357981
0.0300546
0.0239301
0.017435
0.0105655
0.00351428
0.381455
1.15289
1.94747
2.77215
3.61992
4.46394
5.25555
5.93202
6.43693
6.74235
6.85302
6.79409
6.59995
6.30587
5.94171
5.53142
5.09455
4.64739
4.20542
3.78303
3.39003
3.03032
2.70399
2.40949
2.14465
1.90745
1.69627
1.5095
1.34549
1.20216
1.07662
0.965464
0.865776
0.775556
0.693517
0.618843
0.55096
0.489317
0.433373
0.382654
0.336781
0.295549
0.258879
0.226617
0.198439
0.173923
0.152643
0.134202
0.11826
0.104535
0.0927815
0.0827675
0.0742527
0.0669542
0.0605562
0.0547546
0.0492762
0.0438672
0.0382884
0.0323229
0.0258489
0.0188835
0.0114563
0.00381253
0.399822
1.21146
2.0565
2.9479
3.8821
4.82993
5.73121
6.50287
7.06838
7.39333
7.48971
7.39319
7.14836
6.79895
6.37897
5.91413
5.42484
4.92742
4.43873
3.97607
3.55064
3.16526
2.81823
2.50674
2.22758
1.97815
1.75668
1.56152
1.39101
1.24308
1.11433
1.00048
0.898035
0.8049
0.71986
0.642233
0.571589
0.507396
0.449079
0.396137
0.348146
0.304948
0.266598
0.233012
0.203813
0.178499
0.156585
0.137626
0.121258
0.107198
0.0952014
0.0850458
0.0764958
0.0692445
0.062929
0.0572095
0.0517949
0.0464081
0.0407756
0.0346343
0.0278288
0.0203811
0.0123751
0.00412056
0.414288
1.25884
2.14881
3.10494
4.12933
5.19202
6.21966
7.10215
7.73451
8.07504
8.14856
8.00455
7.69994
7.28882
6.80883
6.28654
5.7429
5.19304
4.6552
4.15113
3.69396
3.28445
2.91836
2.59145
2.29927
2.03858
1.8077
1.60493
1.42874
1.27728
1.14658
1.03106
0.926511
0.8309
0.743165
0.662822
0.589672
0.523187
0.462731
0.407769
0.357792
0.312698
0.272763
0.238004
0.207958
0.182006
0.1596
0.14024
0.123535
0.109217
0.0970454
0.0868147
0.0783093
0.0711958
0.0650454
0.0594788
0.0541968
0.0489014
0.0432817
0.0370153
0.029894
0.0219414
0.0133263
0.00443955
0.424347
1.29342
2.22147
3.23899
4.35673
5.54662
6.72115
7.73445
8.44062
8.79019
8.83013
8.62727
8.2527
7.77367
7.22999
6.64781
6.04863
5.44431
4.85431
4.30753
3.81983
3.38825
3.00491
2.6643
2.36043
2.08937
1.8499
1.64021
1.45901
1.30513
1.17386
1.05775
0.951659
0.853931
0.763731
0.680836
0.605414
0.536885
0.474507
0.417732
0.365879
0.318905
0.277447
0.241676
0.210965
0.184531
0.161772
0.142118
0.125156
0.110646
0.0983555
0.0881032
0.0797187
0.0728371
0.0669327
0.0615816
0.0564972
0.0513624
0.0458263
0.0394942
0.0320711
0.0235765
0.0143114
0.00476913
0.429566
1.31375
2.27162
3.34555
4.55863
5.88909
7.23564
8.4056
9.19305
9.54112
9.5345
9.25999
8.80399
8.25141
7.64118
6.99708
6.34219
5.68159
5.03546
4.4444
3.92814
3.47714
3.0785
2.72609
2.41188
2.13116
1.88386
1.66783
1.4821
1.32691
1.1967
1.08114
0.973932
0.874356
0.781846
0.696471
0.619
0.548674
0.484576
0.426213
0.372572
0.323661
0.280709
0.244105
0.212925
0.18616
0.163185
0.143339
0.126182
0.111539
0.0991729
0.0889363
0.0807455
0.0741981
0.0686188
0.0635347
0.058708
0.0538025
0.0484266
0.0421017
0.03439
0.0252969
0.015327
0.00510645
0.429615
1.31862
2.29665
3.41996
4.72853
6.21345
7.76261
9.12311
9.99954
10.3294
10.2612
9.90104
9.35037
8.71976
8.04119
7.3333
6.62416
5.90572
5.19788
4.56057
4.01887
3.55186
3.13979
2.77769
2.4545
2.16456
1.9102
1.68828
1.49818
1.34283
1.21569
1.10189
0.99375
0.892519
0.797783
0.709883
0.630601
0.558737
0.493088
0.433406
0.378052
0.327044
0.282586
0.245364
0.213936
0.186977
0.163926
0.143983
0.126672
0.111949
0.0995383
0.0893329
0.0814065
0.0753108
0.0701343
0.0653508
0.0608375
0.0562289
0.0510953
0.0448723
0.036885
0.0271093
0.016363
0.00544524
0.42429
1.30718
2.29434
3.45765
4.85914
6.51208
8.30071
9.89685
10.8697
11.1554
11.0089
10.5486
9.88741
9.17642
8.42911
7.65514
6.89557
6.11823
5.34052
4.65446
4.09221
3.61344
3.18943
2.82004
2.48931
2.19011
1.92957
1.70213
1.50731
1.35298
1.23147
1.12073
1.01148
0.908739
0.811813
0.721173
0.640376
0.567255
0.500167
0.439518
0.382522
0.329106
0.283084
0.245532
0.214103
0.187059
0.164078
0.144128
0.126678
0.111927
0.0994937
0.0893042
0.0817112
0.0762112
0.0715132
0.067038
0.062891
0.0586444
0.0538382
0.0478462
0.0395978
0.0290156
0.0174004
0.00577483
0.413542
1.27901
2.26302
3.45433
4.94249
6.77526
8.84717
10.7399
11.8155
12.0168
11.7759
11.2012
10.4093
9.6192
8.80458
7.96062
7.15815
6.3216
5.46185
4.72384
4.1486
3.66333
3.22792
2.85421
2.51742
2.2082
1.94265
1.71002
1.50937
1.3573
1.2448
1.13854
1.02739
0.923313
0.824214
0.730362
0.648474
0.57442
0.505887
0.444775
0.386217
0.329868
0.282171
0.244688
0.213546
0.186474
0.16373
0.14386
0.126243
0.111528
0.0990843
0.0888514
0.08166
0.076942
0.0727955
0.0685961
0.0648711
0.0610474
0.0566508
0.0510712
0.0425798
0.0310096
0.0184086
0.00607954
0.397479
1.23415
2.20174
3.4063
4.9701
6.99082
9.39688
11.6697
12.8522
12.9074
12.56
11.8582
10.9082
10.0464
9.16816
8.24656
7.41449
6.51966
5.55954
4.76564
4.18898
3.70356
3.25546
2.88134
2.54018
2.21893
1.95023
1.71276
1.50402
1.35548
1.25663
1.15633
1.04156
0.93652
0.835302
0.73736
0.655052
0.580455
0.51025
0.44943
0.389429
0.329298
0.279763
0.24293
0.212405
0.185267
0.162967
0.143269
0.125392
0.110808
0.0983626
0.0879619
0.0812405
0.0775568
0.0740303
0.0700133
0.0667796
0.0634331
0.0595125
0.0546064
0.045897
0.0330736
0.0193443
0.0063387
0.376371
1.17315
2.11038
3.31073
4.93336
7.14371
9.94104
12.7096
13.9996
13.8149
13.3588
12.5208
11.3732
10.4574
9.52193
8.5077
7.66838
6.71818
5.63004
4.77565
4.21504
3.73692
3.27162
2.90277
2.55924
2.22197
1.95319
1.71143
1.49062
1.3469
1.26818
1.17537
1.05379
0.948642
0.845473
0.741909
0.660295
0.585634
0.513139
0.453781
0.392531
0.327298
0.275713
0.240385
0.210852
0.183451
0.161884
0.142456
0.124128
0.109828
0.0973934
0.0866059
0.0804225
0.0781252
0.0752795
0.0712588
0.0686205
0.0657957
0.0623776
0.0585271
0.049636
0.0351728
0.0201496
0.00652735
0.350639
1.09706
1.98977
3.16597
4.82393
7.21575
10.4651
13.8911
15.2832
14.7171
14.1711
13.1938
11.7886
10.8529
9.87028
8.7354
7.92528
6.92553
5.66796
4.74813
4.22959
3.76724
3.27493
2.92011
2.57671
2.21625
1.95264
1.70755
1.46808
1.33051
1.28102
1.19723
1.06344
0.960004
0.855269
0.743501
0.664446
0.590328
0.514254
0.458194
0.396012
0.323668
0.269794
0.237226
0.209104
0.180983
0.160582
0.141545
0.122414
0.108659
0.0962618
0.08473
0.0791519
0.0787402
0.0766231
0.0722736
0.0704052
0.0681326
0.0651636
0.0629303
0.053912
0.0372482
0.0207517
0.00661796
0.320834
1.00738
1.84165
2.97185
4.63446
7.18552
10.9458
15.2562
16.7373
15.5776
14.9978
13.8868
12.1316
11.2367
10.2211
8.91566
8.19295
7.1537
5.66524
4.67548
4.23705
3.79975
3.26225
2.9354
2.59542
2.19961
1.95
1.70321
1.43477
1.30467
1.29729
1.22394
1.06917
0.97104
0.865468
0.741258
0.667861
0.595057
0.513019
0.463134
0.400526
0.31807
0.261677
0.233698
0.207437
0.177736
0.159185
0.140689
0.120157
0.107387
0.0950827
0.0822505
0.0773423
0.0795277
0.0781666
0.0729556
0.0721594
0.0704516
0.0677329
0.0679442
0.0588793
0.0392059
0.021064
0.00658287
0.287605
0.906015
1.66873
2.72995
4.35934
7.0288
11.3474
16.8608
18.407
16.3392
15.8446
14.6178
12.3687
11.6165
10.5873
9.02651
8.48246
7.41945
5.60996
4.54777
4.24411
3.84147
3.22789
2.95146
2.61925
2.16827
1.94721
1.70138
1.38831
1.267
1.31985
1.25812
1.06869
0.982398
0.877209
0.733755
0.67108
0.600568
0.50845
0.469215
0.406952
0.309968
0.250919
0.230148
0.206213
0.173457
0.157847
0.14009
0.117181
0.106125
0.094014
0.0790439
0.0748644
0.0806576
0.0800501
0.0731394
0.0739345
0.0727809
0.0698693
0.073739
0.0647447
0.0409027
0.0209883
0.00639733
0.251665
0.795128
1.47452
2.44371
3.99572
6.71952
11.616
18.7788
20.3533
16.9155
16.7253
15.4157
12.4509
12.0066
10.9889
9.03429
8.80957
7.74583
5.4849
4.35236
4.26048
3.9018
3.16247
2.97224
2.65356
2.11609
1.94697
1.70615
1.32535
1.21417
1.35252
1.30317
1.05827
0.995105
0.892151
0.718784
0.674929
0.607939
0.498978
0.477267
0.416462
0.298559
0.236937
0.227065
0.205899
0.167712
0.15678
0.140018
0.113192
0.105023
0.093271
0.0749365
0.0715328
0.082359
0.0824615
0.0725683
0.0758216
0.0751844
0.0712445
0.0805434
0.0717836
0.0421268
0.0204187
0.00604256
0.213758
0.677074
1.26319
2.11846
3.54441
6.23169
11.6725
21.1071
22.6576
17.1795
17.6665
16.3251
12.3066
12.4304
11.4559
8.88883
9.19662
8.16384
5.26558
4.07353
4.29976
3.99319
3.05141
3.0035
2.70574
2.03366
1.9531
1.72311
1.24133
1.1416
1.40038
1.36355
1.03226
1.01079
0.91268
0.693028
0.68067
0.618709
0.482216
0.488434
0.430613
0.282679
0.218996
0.225121
0.207108
0.159813
0.156278
0.140843
0.107732
0.104288
0.0931448
0.0696904
0.0670908
0.084936
0.0856518
0.0708583
0.0779714
0.0777818
0.0713763
0.0886642
0.0803587
0.0425721
0.0192487
0.00550854
0.174617
0.554256
1.03934
1.76131
3.01086
5.5426
11.4037
23.971
25.4295
16.9497
18.7145
17.4112
11.8338
12.9245
12.0313
8.51737
9.67522
8.71446
4.91795
3.69226
4.38044
4.13197
2.87296
3.05362
2.78593
1.90703
1.97106
1.75971
1.13011
1.04324
1.47006
1.44512
0.982353
1.032
0.942151
0.65165
0.690183
0.635044
0.454656
0.504301
0.451438
0.260687
0.196201
0.225217
0.210636
0.148724
0.156764
0.143063
0.100113
0.104211
0.0940216
0.0629892
0.0611919
0.0887871
0.0899576
0.0674503
0.0806191
0.0807762
0.0695734
0.0985133
0.0909427
0.0418046
0.0173816
0.00479596
0.13494
0.429015
0.807777
1.38077
2.40587
4.63752
10.6508
27.5311
28.815
15.9727
19.9435
18.766
10.8888
13.5438
12.7754
7.81681
10.2896
9.45071
4.39549
3.18621
4.52688
4.33942
2.5959
3.13474
2.90782
1.71623
2.00863
1.82564
0.983633
0.911213
1.57011
1.5555
0.896757
1.06262
0.98518
0.587763
0.706218
0.659934
0.411302
0.527062
0.481555
0.230326
0.167494
0.228537
0.217513
0.132952
0.15884
0.147351
0.0893515
0.105197
0.0964029
0.054421
0.0533793
0.0944252
0.0958267
0.0615521
0.0841143
0.084488
0.0648687
0.110641
0.104142
0.039221
0.0147463
0.00391737
0.095357
0.303526
0.573219
0.986313
1.74577
3.51637
9.1962
31.99
33.0075
13.9017
21.4669
20.5145
9.27306
14.3676
13.7702
6.64451
11.1011
10.4399
3.63589
2.52992
4.77026
4.64303
2.17668
3.26411
3.08962
1.43347
2.07671
1.93327
0.791545
0.73553
1.71135
1.70463
0.759165
1.10836
1.04797
0.491802
0.732701
0.697426
0.345214
0.559742
0.524271
0.188559
0.131671
0.236588
0.229064
0.110405
0.163356
0.1546
0.0740695
0.107807
0.100926
0.0434608
0.0430642
0.102499
0.103852
0.052068
0.0889579
0.0893978
0.0559372
0.125778
0.120724
0.0339973
0.0113207
0.00289751
0.0564197
0.179719
0.340062
0.587695
1.05202
2.20259
6.7472
37.6002
38.2609
10.2725
23.4504
22.8226
6.71809
15.5073
15.1253
4.80746
12.1935
11.7656
2.55726
1.69548
5.14941
5.07802
1.55609
3.46587
3.3551
1.02093
2.19048
2.09792
0.540744
0.503746
1.90717
1.90529
0.547558
1.17744
1.13868
0.350764
0.775112
0.752882
0.246982
0.606457
0.583688
0.131383
0.0874134
0.251243
0.246985
0.0782356
0.171493
0.165971
0.0523925
0.112817
0.10838
0.0294525
0.0295021
0.113812
0.114814
0.0375155
0.0958442
0.096197
0.0410003
0.144884
0.141645
0.0250286
0.00716603
0.00177338
0.018586
0.0592261
0.112169
0.194261
0.349829
0.754393
2.91802
44.672
44.9042
4.47469
26.1277
25.9049
2.86754
17.1157
16.9828
2.04991
13.68
13.5299
1.05396
0.653553
5.71131
5.68908
0.655586
3.77306
3.7347
0.428362
2.37064
2.33819
0.214973
0.200672
2.17389
2.17384
0.232841
1.28132
1.26779
0.147363
0.840926
0.833267
0.104126
0.672748
0.664799
0.0536248
0.0333453
0.274764
0.273425
0.0326618
0.184861
0.182957
0.0218271
0.121277
0.119721
0.0115924
0.0117701
0.129342
0.129725
0.0159309
0.105708
0.105846
0.0177162
0.169208
0.168077
0.010861
0.00247374
0.000594801
)
;

boundaryField
{
    left
    {
        type            calculated;
        value           uniform 0;
    }
    right
    {
        type            calculated;
        value           uniform 0;
    }
    interface
    {
        type            calculated;
        value           nonuniform List<scalar> 
64
(
0.018586
0.0592261
0.112169
0.194261
0.349829
0.754393
2.91802
44.672
44.9042
4.47469
26.1277
25.9049
2.86754
17.1157
16.9828
2.04991
13.68
13.5299
1.05396
0.653553
5.71131
5.68908
0.655586
3.77306
3.7347
0.428362
2.37064
2.33819
0.214973
0.200672
2.17389
2.17384
0.232841
1.28132
1.26779
0.147363
0.840926
0.833267
0.104126
0.672748
0.664799
0.0536248
0.0333453
0.274764
0.273425
0.0326618
0.184861
0.182957
0.0218271
0.121277
0.119721
0.0115924
0.0117701
0.129342
0.129725
0.0159309
0.105708
0.105846
0.0177162
0.169208
0.168077
0.010861
0.00247374
0.000594801
)
;
    }
    bottom
    {
        type            calculated;
        value           nonuniform List<scalar> 
64
(
0.0180109
0.0537963
0.0888602
0.122667
0.154615
0.184062
0.210346
0.232849
0.251064
0.264652
0.273476
0.277617
0.277352
0.27312
0.265472
0.255025
0.242413
0.228251
0.21311
0.197493
0.181828
0.166457
0.151647
0.137588
0.124405
0.11217
0.100914
0.09063
0.081288
0.0728386
0.0652204
0.058365
0.0522022
0.046663
0.0416827
0.0372028
0.0331709
0.0295414
0.0262747
0.0233366
0.0206973
0.0183308
0.0162138
0.0143252
0.0126455
0.011156
0.00983908
0.0086778
0.00765586
0.0067576
0.00596803
0.00527275
0.00465797
0.00411059
0.00361819
0.00316927
0.00275335
0.00236122
0.0019851
0.00161874
0.00125747
0.000898132
0.000539011
0.000179692
)
;
    }
    defaultFaces
    {
        type            empty;
    }
}


// ************************************************************************* //
