/*--------------------------------*- C++ -*----------------------------------*\
| =========                 |                                                 |
| \\      /  F ield         | OpenFOAM: The Open Source CFD Toolbox           |
|  \\    /   O peration     | Version:  5.x                                   |
|   \\  /    A nd           | Web:      www.OpenFOAM.org                      |
|    \\/     M anipulation  |                                                 |
\*---------------------------------------------------------------------------*/
FoamFile
{
    version     2.0;
    format      ascii;
    class       volScalarField;
    location    "6.1";
    object      T;
}
// * * * * * * * * * * * * * * * * * * * * * * * * * * * * * * * * * * * * * //

dimensions      [0 0 0 1 0 0 0];

internalField   nonuniform List<scalar> 
2048
(
9.85477
9.85546
9.85683
9.85886
9.86153
9.86481
9.86864
9.87296
9.8777
9.88279
9.88813
9.89365
9.89925
9.90485
9.91039
9.91581
9.92104
9.92605
9.93082
9.93531
9.93952
9.94345
9.9471
9.95047
9.95358
9.95644
9.95907
9.96147
9.96368
9.96569
9.96754
9.96922
9.97076
9.97217
9.97345
9.97462
9.97568
9.97664
9.9775
9.97829
9.97899
9.97963
9.9802
9.9807
9.98116
9.98156
9.98192
9.98224
9.98252
9.98277
9.98299
9.98319
9.98336
9.98352
9.98365
9.98377
9.98388
9.98396
9.98404
9.9841
9.98415
9.98419
9.98421
9.98422
9.5701
9.57214
9.5762
9.58223
9.59016
9.59988
9.61125
9.62408
9.63817
9.65328
9.66914
9.68552
9.70214
9.71877
9.7352
9.75125
9.76675
9.7816
9.7957
9.80899
9.82145
9.83306
9.84384
9.8538
9.86298
9.87142
9.87917
9.88627
9.89278
9.89873
9.90417
9.90914
9.91368
9.91783
9.92161
9.92505
9.92817
9.931
9.93357
9.93588
9.93796
9.93983
9.94151
9.943
9.94434
9.94553
9.94658
9.94752
9.94835
9.94909
9.94974
9.95032
9.95084
9.95129
9.95169
9.95204
9.95234
9.95261
9.95283
9.95301
9.95316
9.95326
9.95334
9.95337
9.29633
9.29968
9.30635
9.31626
9.3293
9.34529
9.364
9.38514
9.40834
9.43322
9.45936
9.4863
9.51364
9.54098
9.56797
9.5943
9.61971
9.64403
9.6671
9.68883
9.70918
9.72813
9.74571
9.76194
9.7769
9.79065
9.80326
9.81481
9.82539
9.83507
9.84392
9.85201
9.8594
9.86614
9.87229
9.87788
9.88297
9.88757
9.89174
9.8955
9.89889
9.90193
9.90465
9.90708
9.90924
9.91117
9.91288
9.9144
9.91575
9.91695
9.91801
9.91895
9.91978
9.92051
9.92116
9.92173
9.92223
9.92265
9.92301
9.92331
9.92355
9.92372
9.92384
9.9239
9.03221
9.03684
9.04606
9.05976
9.07781
9.09996
9.1259
9.15521
9.18741
9.22193
9.25818
9.29553
9.33339
9.37121
9.4085
9.44484
9.47987
9.51334
9.54505
9.57489
9.60279
9.62875
9.65279
9.67499
9.69542
9.71419
9.7314
9.74716
9.76158
9.77478
9.78684
9.79787
9.80794
9.81713
9.82551
9.83314
9.84007
9.84635
9.85203
9.85715
9.86176
9.8659
9.8696
9.8729
9.87585
9.87846
9.88079
9.88285
9.88468
9.88631
9.88774
9.88902
9.89015
9.89115
9.89203
9.8928
9.89347
9.89405
9.89455
9.89495
9.89528
9.89552
9.89568
9.89576
8.77672
8.7826
8.79431
8.81174
8.83472
8.86296
8.89607
8.93352
8.97467
9.01879
9.0651
9.11278
9.16105
9.20921
9.25662
9.30274
9.34713
9.38947
9.42953
9.46715
9.50228
9.53492
9.56512
9.59296
9.61856
9.64206
9.6636
9.68331
9.70134
9.71784
9.73292
9.7467
9.75929
9.77078
9.78126
9.7908
9.79946
9.80731
9.81441
9.82081
9.82656
9.83172
9.83634
9.84045
9.84412
9.84738
9.85027
9.85283
9.85511
9.85712
9.85891
9.86049
9.8619
9.86314
9.86424
9.8652
9.86604
9.86677
9.86738
9.86789
9.86829
9.8686
9.8688
9.8689
8.52901
8.53611
8.55026
8.57136
8.59921
8.63351
8.67378
8.71938
8.76952
8.82328
8.87967
8.93767
8.99632
9.05473
9.11212
9.16785
9.22139
9.27235
9.32046
9.36557
9.40761
9.44661
9.48263
9.51581
9.54628
9.57423
9.59981
9.62322
9.64463
9.66421
9.6821
9.69846
9.71341
9.72705
9.73949
9.75081
9.7611
9.77042
9.77884
9.78643
9.79325
9.79936
9.80482
9.80969
9.81402
9.81786
9.82127
9.8243
9.82698
9.82935
9.83146
9.83332
9.83498
9.83644
9.83774
9.83888
9.83988
9.84074
9.84147
9.84207
9.84255
9.84291
9.84315
9.84327
8.28837
8.29666
8.31321
8.33792
8.3706
8.41094
8.45839
8.5122
8.57143
8.63493
8.70149
8.76988
8.83892
8.90754
8.97483
9.04002
9.10251
9.16185
9.21776
9.27006
9.3187
9.36373
9.40527
9.44347
9.47851
9.51061
9.53998
9.56683
9.59137
9.61381
9.63433
9.65308
9.67022
9.68587
9.70014
9.71313
9.72492
9.73561
9.74527
9.75396
9.76177
9.76876
9.775
9.78056
9.78549
9.78987
9.79375
9.79719
9.80024
9.80294
9.80533
9.80746
9.80934
9.81101
9.81249
9.81379
9.81493
9.81592
9.81676
9.81745
9.81801
9.81842
9.8187
9.81884
8.05425
8.0637
8.08257
8.11083
8.1483
8.19466
8.24934
8.31148
8.37993
8.45334
8.53023
8.60911
8.6886
8.76743
8.84455
8.91908
8.99035
9.05786
9.12129
9.18049
9.23542
9.28618
9.33291
9.37581
9.41512
9.45109
9.48397
9.51401
9.54146
9.56655
9.58949
9.61047
9.62964
9.64716
9.66313
9.67767
9.69087
9.70283
9.71363
9.72335
9.73207
9.73987
9.74682
9.753
9.75849
9.76335
9.76766
9.77147
9.77484
9.77783
9.78049
9.78284
9.78493
9.78678
9.78843
9.78988
9.79115
9.79226
9.7932
9.79398
9.7946
9.79507
9.79538
9.79554
7.8262
7.83675
7.85788
7.88959
7.93178
7.98416
8.04614
8.11673
8.19461
8.27815
8.36557
8.45512
8.54515
8.63422
8.72112
8.80488
8.88476
8.96021
9.03091
9.09672
9.15764
9.2138
9.2654
9.31271
9.35599
9.39555
9.43168
9.46466
9.49478
9.52231
9.54749
9.57052
9.59158
9.61082
9.62838
9.64436
9.65887
9.672
9.68386
9.69452
9.70408
9.71261
9.72021
9.72696
9.73294
9.73824
9.74292
9.74707
9.75073
9.75398
9.75686
9.75942
9.76169
9.76371
9.76551
9.7671
9.7685
9.76971
9.77074
9.77161
9.77229
9.77281
9.77316
9.77333
7.60385
7.61545
7.63874
7.67379
7.72061
7.77899
7.84834
7.92757
8.01512
8.10905
8.20726
8.30766
8.40836
8.50771
8.60436
8.69725
8.78557
8.86876
8.94648
9.0186
9.08518
9.14642
9.20259
9.25399
9.30095
9.34383
9.38294
9.41862
9.4512
9.48097
9.50819
9.53311
9.55592
9.57676
9.59578
9.6131
9.62882
9.64304
9.65587
9.6674
9.67773
9.68693
9.69512
9.70237
9.7088
9.71447
9.71949
9.72393
9.72785
9.73132
9.7344
9.73714
9.73957
9.74175
9.74368
9.74539
9.7469
9.74822
9.74935
9.75028
9.75104
9.7516
9.75198
9.75216
7.38693
7.39952
7.42483
7.46307
7.51441
7.57874
7.65553
7.74359
7.84111
7.94577
8.05506
8.16654
8.27804
8.38772
8.4941
8.59602
8.69263
8.78333
8.8678
8.94594
9.01787
9.08388
9.14428
9.19948
9.24984
9.29576
9.3376
9.37575
9.41056
9.44237
9.47147
9.49813
9.52254
9.54487
9.56525
9.5838
9.60064
9.61587
9.6296
9.64192
9.65294
9.66276
9.67147
9.67917
9.68598
9.692
9.6973
9.70199
9.70613
9.7098
9.71305
9.71595
9.71853
9.72083
9.72289
9.72472
9.72633
9.72775
9.72896
9.72997
9.73078
9.73139
9.73179
9.732
7.17524
7.18872
7.2159
7.25715
7.31283
7.38304
7.46734
7.56447
7.6723
7.78806
7.90877
8.0316
8.15405
8.27411
8.39017
8.50102
8.60575
8.70375
8.7947
8.87856
8.95552
9.02596
9.0903
9.14899
9.20247
9.25117
9.29551
9.33589
9.37272
9.40637
9.43719
9.46544
9.49133
9.51503
9.53667
9.55637
9.57424
9.59039
9.60495
9.618
9.62965
9.64001
9.64919
9.65729
9.66444
9.67074
9.6763
9.6812
9.68553
9.68936
9.69277
9.69579
9.6985
9.70092
9.70309
9.70502
9.70673
9.70824
9.70953
9.71061
9.71148
9.71213
9.71257
9.71278
6.96865
6.98291
7.01175
7.05577
7.11557
7.19155
7.28342
7.38987
7.50842
7.63572
7.76823
7.90267
8.03622
8.1667
8.2924
8.41206
8.52475
8.62984
8.727
8.81625
8.89791
8.97246
9.04042
9.10232
9.15865
9.20988
9.25647
9.29887
9.33751
9.37283
9.4052
9.43491
9.46217
9.48714
9.50995
9.5307
9.54953
9.56653
9.58184
9.59556
9.60779
9.61864
9.62822
9.63667
9.64411
9.65066
9.65642
9.6615
9.66599
9.66996
9.67348
9.67662
9.67943
9.68196
9.68422
9.68626
9.68806
9.68965
9.69102
9.69217
9.69309
9.69379
9.69425
9.69448
6.76705
6.78197
6.81225
6.85873
6.92237
7.00393
7.10341
7.21949
7.34923
7.48857
7.6333
7.77962
7.92442
8.06533
8.20061
8.32896
8.44944
8.5614
8.6645
8.75883
8.84483
8.92316
8.99444
9.05927
9.1182
9.17172
9.22033
9.26453
9.30479
9.3416
9.37536
9.40641
9.43494
9.46109
9.48497
9.50671
9.52641
9.5442
9.5602
9.57452
9.58727
9.59855
9.6085
9.61724
9.62492
9.63167
9.63761
9.64284
9.64745
9.65153
9.65516
9.65839
9.66129
9.6639
9.66626
9.66838
9.67027
9.67194
9.67338
9.6746
9.67557
9.67631
9.6768
9.67705
6.57042
6.58584
6.61729
6.66587
6.73298
6.81988
6.92699
7.05302
7.19452
7.34647
7.50385
7.66236
7.81852
7.96986
8.11464
8.25154
8.37962
8.49825
8.60701
8.70606
8.79607
8.87785
8.95215
9.01963
9.08091
9.1365
9.18692
9.23271
9.2744
9.31251
9.34754
9.37981
9.40952
9.43676
9.46165
9.48429
9.5048
9.52331
9.53994
9.55482
9.56803
9.5797
9.58995
9.59894
9.60681
9.61373
9.6198
9.62515
9.62986
9.63403
9.63774
9.64104
9.64401
9.6467
9.64914
9.65134
9.65332
9.65507
9.65658
9.65786
9.65889
9.65967
9.66019
9.66045
6.37874
6.39451
6.4268
6.47706
6.54719
6.63911
6.75381
6.89018
7.04411
7.2093
7.3798
7.55077
7.71839
7.88011
8.03429
8.17958
8.31511
8.44019
8.55432
8.65774
8.75138
8.83629
8.91331
8.9832
9.0466
9.10403
9.15606
9.20326
9.24618
9.28543
9.32158
9.35499
9.38579
9.41405
9.43988
9.46336
9.48461
9.50378
9.52099
9.53636
9.55001
9.56201
9.57252
9.5817
9.58973
9.59677
9.60295
9.60839
9.61318
9.61741
9.62117
9.62454
9.62757
9.63032
9.63283
9.63511
9.63717
9.63899
9.64057
9.64191
9.643
9.64381
9.64436
9.64463
6.19204
6.20797
6.24076
6.29221
6.36482
6.46131
6.58352
6.73067
6.89784
7.07698
7.26107
7.4448
7.62391
7.79592
7.95937
8.11289
8.25567
8.38704
8.50626
8.61366
8.71053
8.79825
8.87772
8.94976
9.01508
9.07417
9.12761
9.17603
9.22
9.26021
9.29736
9.33182
9.36364
9.39287
9.41958
9.44383
9.46576
9.48554
9.50327
9.5191
9.53312
9.54542
9.55613
9.56546
9.57362
9.58075
9.587
9.5925
9.59735
9.60162
9.60543
9.60883
9.6119
9.61471
9.61729
9.61964
9.62177
9.62367
9.62532
9.62672
9.62786
9.62872
9.62929
9.62957
6.01035
6.02626
6.05916
6.11126
6.1857
6.28621
6.41575
6.57417
6.7556
6.94947
7.1476
7.34438
7.53497
7.7171
7.8897
8.05124
8.20108
8.33862
8.46264
8.57358
8.67329
8.76351
8.84516
8.91911
8.98617
9.04672
9.10139
9.15086
9.1957
9.23671
9.27473
9.31018
9.34299
9.37312
9.40066
9.42562
9.44816
9.46849
9.48671
9.50295
9.51732
9.52987
9.54074
9.55018
9.55841
9.5656
9.5719
9.57745
9.58232
9.58662
9.59045
9.59387
9.59697
9.59983
9.60247
9.6049
9.6071
9.60907
9.61079
9.61225
9.61344
9.61434
9.61493
9.61523
5.83372
5.84942
5.88204
5.93418
6.00971
6.11352
6.25009
6.42036
6.61734
6.82676
7.03934
7.24947
7.45144
7.64346
7.82508
7.9944
8.15111
8.29476
8.4233
8.53729
8.63938
8.73185
8.81541
8.89106
8.9597
9.02154
9.07726
9.12764
9.17316
9.21477
9.25355
9.28998
9.32372
9.3547
9.38303
9.40864
9.43174
9.45258
9.47122
9.48784
9.50255
9.51531
9.52629
9.53578
9.54406
9.55128
9.55761
9.56317
9.56806
9.57237
9.5762
9.57963
9.58275
9.58564
9.58834
9.59084
9.59311
9.59516
9.59694
9.59847
9.59971
9.60065
9.60127
9.60157
5.66224
5.67751
5.70944
5.76098
5.83674
5.94296
6.08611
6.26886
6.48306
6.70891
6.93622
7.16006
7.37322
7.57475
7.76532
7.94213
8.10549
8.25532
8.38809
8.50455
8.60856
8.70304
8.78827
8.86539
8.93552
8.99848
9.05506
9.10624
9.15226
9.19426
9.23369
9.27111
9.30575
9.33753
9.36662
9.39282
9.41641
9.43773
9.45676
9.47371
9.48874
9.50169
9.51271
9.52221
9.53051
9.53774
9.54406
9.54963
9.55452
9.55882
9.56265
9.56607
9.56918
9.5721
9.57487
9.57744
9.57978
9.5819
9.58375
9.58533
9.58664
9.58761
9.58825
9.58855
5.49594
5.5106
5.54143
5.59168
5.66673
5.77427
5.92331
6.11923
6.35289
6.59598
6.83813
7.07618
7.30018
7.51071
7.71025
7.89418
8.06391
8.22019
8.35688
8.47512
8.58052
8.67689
8.76354
8.84191
8.91348
8.9774
9.03466
9.08655
9.13288
9.17503
9.215
9.25348
9.289
9.32151
9.35136
9.37809
9.40209
9.42387
9.44324
9.4605
9.47586
9.48896
9.49996
9.50942
9.51772
9.52493
9.53123
9.5368
9.54166
9.54593
9.54975
9.55314
9.55624
9.55919
9.56203
9.56465
9.56706
9.56926
9.57118
9.57282
9.57418
9.5752
9.57585
9.57616
5.33488
5.34875
5.37808
5.42637
5.49966
5.60722
5.76115
5.97093
6.22712
6.48813
6.7449
6.99791
7.2322
7.45099
7.65975
7.8503
8.02601
8.1893
8.32959
8.44876
8.55497
8.65323
8.74105
8.82039
8.89347
8.95815
9.01589
9.06849
9.11494
9.15695
9.19734
9.23703
9.27341
9.30657
9.33721
9.36439
9.38872
9.41096
9.43061
9.44812
9.46386
9.47707
9.48799
9.49735
9.50564
9.5128
9.51905
9.52462
9.52945
9.53368
9.53748
9.54083
9.54389
9.54685
9.54977
9.55246
9.55493
9.55721
9.55919
9.56089
9.56232
9.56338
9.56404
9.56435
5.17912
5.19203
5.21947
5.26512
5.33556
5.44162
5.59902
5.82324
6.10623
6.38553
6.65623
6.92543
7.16915
7.39516
7.61376
7.81021
7.99134
8.16267
8.30616
8.4252
8.53153
8.63193
8.72061
8.80061
8.87539
8.94063
8.9986
9.052
9.09833
9.13987
9.18055
9.22172
9.25891
9.2926
9.32412
9.35165
9.37619
9.39894
9.4188
9.43651
9.4527
9.46599
9.47674
9.48595
9.49423
9.50133
9.5075
9.51307
9.51785
9.52202
9.5258
9.5291
9.53209
9.53506
9.53808
9.54084
9.54336
9.54573
9.54777
9.54952
9.55103
9.55212
9.5528
9.55311
5.02868
5.04049
5.0657
5.10806
5.17452
5.27733
5.43625
5.67522
5.99106
6.28841
6.57161
6.85907
7.1109
7.34262
7.57234
7.77364
7.95932
8.14043
8.28659
8.40413
8.50981
8.61291
8.70207
8.7823
8.85921
8.92472
8.98259
9.03706
9.08301
9.12364
9.16443
9.20755
9.24544
9.27949
9.31206
9.33981
9.36442
9.38778
9.40776
9.42559
9.44236
9.4557
9.46617
9.47515
9.48347
9.49046
9.49653
9.50212
9.50682
9.51091
9.51469
9.51791
9.52082
9.52378
9.52694
9.52975
9.53231
9.5348
9.53688
9.53867
9.54029
9.54141
9.54209
9.54239
4.88357
4.89415
4.91684
4.95532
5.01669
5.11428
5.27215
5.52554
5.88288
6.19703
6.49023
6.79938
7.05733
7.2926
7.53574
7.74033
7.92919
8.12285
8.27089
8.38524
8.48931
8.5962
8.68529
8.76514
8.84494
8.91031
8.96764
9.02367
9.06892
9.1081
9.14877
9.19454
9.23298
9.26711
9.30105
9.32882
9.35329
9.37748
9.39744
9.41526
9.43284
9.44616
9.45621
9.4649
9.47331
9.48016
9.48609
9.49175
9.49635
9.50033
9.50413
9.50725
9.51003
9.51297
9.51632
9.51917
9.52176
9.52438
9.5265
9.52832
9.53006
9.53122
9.53189
9.53217
4.74379
4.75304
4.77297
4.80705
4.86225
4.95254
5.10598
5.37236
5.78361
6.11168
6.41088
6.74725
7.00829
7.244
7.50447
7.70999
7.89991
8.11046
8.25914
8.36818
8.46944
8.58193
8.67013
8.74873
8.83269
8.89731
8.95347
9.0119
9.05604
9.0931
9.1333
9.18282
9.22147
9.2553
9.29111
9.31863
9.34268
9.36803
9.38777
9.4054
9.42416
9.43735
9.44682
9.45512
9.46375
9.47041
9.47613
9.48193
9.4864
9.49022
9.49409
9.49709
9.4997
9.5026
9.50621
9.50908
9.51166
9.51447
9.5166
9.51844
9.52034
9.52153
9.52217
9.52243
4.6093
4.61715
4.63413
4.66339
4.71147
4.7923
4.93709
5.21306
5.69604
6.03261
6.33171
6.70406
6.96364
7.19533
7.47942
7.68236
7.87008
8.10407
8.25142
8.35254
8.44944
8.57045
8.65649
8.73257
8.82268
8.88563
8.93973
9.00191
9.04435
9.07848
9.11769
9.17258
9.2109
9.24383
9.28234
9.3092
9.33242
9.35949
9.37871
9.39588
9.41634
9.42926
9.43795
9.44575
9.45478
9.46117
9.4666
9.47267
9.47694
9.48056
9.48457
9.48741
9.4898
9.49262
9.49662
9.49946
9.50199
9.50506
9.50716
9.50898
9.51111
9.51231
9.5129
9.51314
4.48006
4.48647
4.50038
4.5245
4.56463
4.63388
4.76499
5.044
5.62414
5.96003
6.25008
6.67188
6.9232
7.14456
7.46203
7.65717
7.83782
8.10498
8.24776
8.33794
8.42837
8.56229
8.64425
8.71598
8.81531
8.87518
8.92593
8.99396
9.03384
9.06408
9.10149
9.16412
9.20122
9.23241
9.27489
9.30047
9.3223
9.35196
9.37022
9.38651
9.40948
9.42186
9.42954
9.43668
9.44643
9.45242
9.45744
9.46395
9.46794
9.47128
9.47557
9.47819
9.48029
9.48298
9.48754
9.49029
9.4927
9.49613
9.49816
9.49991
9.50236
9.50354
9.50407
9.50428
4.356
4.36095
4.37172
4.39049
4.42206
4.47783
4.58948
4.86007
5.57343
5.89401
6.16228
6.6537
6.88674
7.08891
7.45444
7.63416
7.80058
8.11503
8.24816
8.32395
8.405
8.55833
8.63331
8.69808
8.81119
8.86586
8.91146
8.98844
9.02451
9.04979
9.08414
9.15792
9.1924
9.22065
9.26903
9.2924
9.31205
9.3456
9.36224
9.37706
9.4037
9.41513
9.42154
9.42782
9.43871
9.44411
9.44857
9.4558
9.45939
9.46235
9.46708
9.46941
9.47116
9.47363
9.47899
9.48154
9.48374
9.4877
9.48958
9.49118
9.49408
9.4952
9.49566
9.49583
4.23703
4.24053
4.24815
4.26149
4.2841
4.32482
4.41089
4.65425
5.5515
5.83442
6.06323
6.6538
6.85396
7.02465
7.45975
7.61305
7.75495
8.13691
8.25241
8.31022
8.37777
8.55984
8.62353
8.67769
8.81119
8.85756
8.89549
8.98593
9.01631
9.03551
9.06488
9.15465
9.1844
9.20805
9.26511
9.28494
9.3013
9.34067
9.35473
9.36723
9.39921
9.40905
9.4139
9.41904
9.43171
9.43624
9.43991
9.44826
9.45126
9.45368
9.45912
9.46106
9.46238
9.4645
9.471
9.4732
9.47506
9.47978
9.48139
9.48276
9.48629
9.48728
9.48763
9.48775
4.12304
4.12511
4.12963
4.13755
4.15104
4.17569
4.2304
4.417
5.56851
5.78078
5.94615
6.67802
6.82444
6.94685
7.48225
7.59357
7.69648
8.17431
8.26005
8.29649
8.34466
8.56861
8.61477
8.6533
8.81658
8.85014
8.87699
8.98724
9.00916
9.02123
9.04273
9.15523
9.17712
9.19394
9.26367
9.27802
9.28961
9.33752
9.34766
9.35662
9.39628
9.40353
9.40658
9.41017
9.42552
9.42876
9.43133
9.44137
9.44352
9.44521
9.45174
9.45311
9.45394
9.45549
9.46363
9.46525
9.46658
9.4724
9.47358
9.47456
9.479
9.47975
9.47997
9.48004
4.01393
4.01461
4.0161
4.01871
4.02318
4.03139
4.05034
4.13559
5.63788
5.73213
5.80216
6.73428
6.79757
6.8491
7.52774
7.57542
7.61937
8.23224
8.27014
8.28269
8.30305
8.58704
8.60682
8.62291
8.82907
8.84343
8.85457
8.99349
9.00289
9.00704
9.0164
9.16091
9.17045
9.17745
9.26542
9.27156
9.27637
9.33664
9.34096
9.34474
9.39532
9.3985
9.39955
9.40103
9.42028
9.42166
9.42271
9.43524
9.43615
9.43684
9.44497
9.44555
9.44583
9.4465
9.45696
9.45766
9.45822
9.46561
9.46611
9.46653
9.47223
9.47257
9.47265
9.47267
)
;

boundaryField
{
    left
    {
        type            zeroGradient;
    }
    right
    {
        type            zeroGradient;
    }
    interface
    {
        type            fixedValue;
        value           nonuniform List<scalar> 
64
(
3.96057
3.96057
3.96057
3.96057
3.96057
3.96057
3.96057
3.96057
5.70899
5.70899
5.70899
6.78475
6.78475
6.78475
7.56665
7.56665
7.56665
8.27575
8.27575
8.27575
8.27575
8.60304
8.60304
8.60304
8.84024
8.84024
8.84024
8.99996
8.99996
8.99996
8.99996
9.16725
9.16725
9.16725
9.26844
9.26844
9.26844
9.33769
9.33769
9.33769
9.3961
9.3961
9.3961
9.3961
9.41819
9.41819
9.41819
9.43255
9.43255
9.43255
9.44185
9.44185
9.44185
9.44185
9.45395
9.45395
9.45395
9.46247
9.46247
9.46247
9.46907
9.46907
9.46907
9.46907
)
;
    }
    bottom
    {
        type            fixedValue;
        value           uniform 10;
    }
    defaultFaces
    {
        type            empty;
    }
}


// ************************************************************************* //
