/*--------------------------------*- C++ -*----------------------------------*\
| =========                 |                                                 |
| \\      /  F ield         | OpenFOAM: The Open Source CFD Toolbox           |
|  \\    /   O peration     | Version:  5.x                                   |
|   \\  /    A nd           | Web:      www.OpenFOAM.org                      |
|    \\/     M anipulation  |                                                 |
\*---------------------------------------------------------------------------*/
FoamFile
{
    version     2.0;
    format      ascii;
    class       volScalarField;
    location    "10.5";
    object      gradTx;
}
// * * * * * * * * * * * * * * * * * * * * * * * * * * * * * * * * * * * * * //

dimensions      [0 -1 0 1 0 0 0];

internalField   nonuniform List<scalar> 
2048
(
0.0222156
0.0664
0.109821
0.151902
0.191985
0.229341
0.263209
0.292862
0.317674
0.337197
0.351199
0.359688
0.362892
0.361233
0.35527
0.345657
0.333087
0.318257
0.301833
0.284422
0.266554
0.248675
0.231141
0.21422
0.198105
0.18292
0.168733
0.155564
0.143396
0.132182
0.121854
0.112332
0.103532
0.0953716
0.0877751
0.0806779
0.0740269
0.0677806
0.0619084
0.0563884
0.0512064
0.0463529
0.0418217
0.037607
0.0337027
0.0301007
0.0267906
0.0237602
0.0209952
0.0184803
0.0161991
0.014135
0.0122711
0.0105906
0.00907695
0.007714
0.00648583
0.00537689
0.00437179
0.00345514
0.00261137
0.0018246
0.0010786
0.000356878
0.0658794
0.196927
0.32577
0.450716
0.569814
0.680877
0.781605
0.869781
0.943506
1.00141
1.0428
1.0677
1.07683
1.07146
1.05329
1.0243
0.986562
0.942172
0.893115
0.841203
0.788015
0.734866
0.682806
0.632625
0.584882
0.539936
0.497978
0.459062
0.423128
0.390031
0.359565
0.331487
0.30554
0.281477
0.259074
0.238137
0.218509
0.200069
0.182726
0.16642
0.151108
0.136765
0.123374
0.11092
0.0993845
0.0887444
0.0789693
0.0700223
0.0618611
0.0544398
0.0477098
0.0416216
0.0361252
0.0311709
0.0267096
0.0226934
0.0190755
0.0158099
0.0128512
0.0101542
0.00767289
0.00536029
0.00316828
0.00104816
0.108171
0.323414
0.535222
0.740886
0.937197
1.12048
1.28682
1.4324
1.55393
1.64907
1.71662
1.75669
1.77051
1.7603
1.72898
1.67987
1.61649
1.54233
1.4607
1.3746
1.28664
1.19897
1.1133
1.03089
0.952628
0.879078
0.810524
0.747031
0.688481
0.634615
0.585076
0.539445
0.497289
0.45819
0.421772
0.387719
0.355774
0.325741
0.297478
0.270888
0.245909
0.222505
0.200653
0.180333
0.161518
0.14417
0.128241
0.113668
0.100381
0.0883047
0.077358
0.0674595
0.0585271
0.0504791
0.0432354
0.0367174
0.0308489
0.0255551
0.0207626
0.0163976
0.0123858
0.00865023
0.0051114
0.00169051
0.149374
0.446745
0.739764
1.02483
1.29752
1.55259
1.7843
1.98704
2.15592
2.28747
2.38
2.43369
2.45047
2.43363
2.38742
2.31665
2.22633
2.12141
2.00655
1.88596
1.76325
1.6414
1.5227
1.40886
1.30103
1.19993
1.1059
1.01899
0.938989
0.865511
0.79802
0.735907
0.678539
0.62532
0.575722
0.529303
0.485715
0.444695
0.406056
0.369674
0.335476
0.303423
0.273495
0.245671
0.21992
0.196193
0.174421
0.154517
0.136382
0.119909
0.104986
0.0915009
0.0793391
0.0683883
0.0585378
0.0496802
0.0417109
0.0345285
0.028033
0.0221245
0.0167016
0.0116594
0.00688687
0.00227678
0.189644
0.567436
0.940387
1.3042
1.65323
1.98056
2.27836
2.53884
2.7552
2.92265
3.03892
3.10443
3.12195
3.09608
3.0326
2.93794
2.81873
2.68144
2.53215
2.37629
2.21849
2.06248
1.91114
1.7665
1.62995
1.50228
1.38386
1.27468
1.17442
1.08252
0.998253
0.920775
0.849239
0.782852
0.720928
0.662906
0.608351
0.556943
0.508459
0.46276
0.419771
0.379461
0.341822
0.306842
0.27449
0.244707
0.217402
0.192463
0.169759
0.149152
0.130499
0.113656
0.098477
0.0848201
0.072545
0.0615158
0.0516018
0.0426764
0.0346154
0.0272947
0.020588
0.0143641
0.00848015
0.00280214
0.22902
0.685648
1.13752
1.57988
2.00595
2.40688
2.7724
3.09202
3.35656
3.55964
3.69838
3.77359
3.78918
3.75132
3.6676
3.54626
3.39567
3.22393
3.03858
2.8463
2.65277
2.46246
2.2787
2.10383
1.93934
1.78606
1.64432
1.51403
1.39471
1.28563
1.1858
1.09412
1.0095
0.930915
0.857529
0.788663
0.723806
0.662593
0.604776
0.550211
0.498832
0.450631
0.405625
0.36382
0.325192
0.289668
0.257139
0.227459
0.200466
0.17599
0.153853
0.133881
0.1159
0.0997364
0.085221
0.0721908
0.0604902
0.0499696
0.0404832
0.031885
0.0240256
0.0167494
0.00988212
0.00326348
0.26742
0.801202
1.33107
1.85213
2.35653
2.83329
3.26912
3.65013
3.96414
4.20279
4.3626
4.44502
4.45548
4.40215
4.29472
4.14345
3.95857
3.7499
3.52651
3.29643
3.06636
2.84147
2.62549
2.42092
2.22927
2.05133
1.88734
1.7371
1.59997
1.47497
1.36084
1.25616
1.15955
1.06976
0.985767
0.906801
0.832287
0.761827
0.695163
0.632154
0.572757
0.517002
0.464947
0.41663
0.372036
0.331083
0.293633
0.259506
0.228503
0.200418
0.175043
0.152173
0.131603
0.113131
0.0965595
0.0816981
0.0683678
0.0563988
0.0456262
0.0358852
0.0270052
0.0188083
0.011088
0.00365901
0.304654
0.913595
1.52042
2.12054
2.70515
3.26086
3.77063
4.21622
4.5816
4.85594
5.03521
5.12189
5.1235
5.05069
4.91562
4.73078
4.50837
4.25998
3.99633
3.72687
3.45935
3.19959
2.9516
2.71789
2.49988
2.29825
2.11309
1.94407
1.79038
1.65077
1.52365
1.40722
1.29975
1.19972
1.10597
1.01762
0.934065
0.854889
0.779832
0.708769
0.641691
0.578685
0.51987
0.465333
0.415074
0.368996
0.326927
0.288644
0.253907
0.222471
0.194098
0.168555
0.145607
0.125024
0.106578
0.0900515
0.0752446
0.06197
0.0500472
0.0392955
0.0295256
0.0205391
0.0120962
0.00398794
0.340423
1.02201
1.70445
2.38406
3.0513
3.69004
4.27858
4.79305
5.21232
5.52257
5.71936
5.80679
5.79521
5.6984
5.53137
5.30903
5.0456
4.75451
4.44818
4.13762
3.83172
3.53685
3.25714
2.99493
2.75143
2.52708
2.32184
2.13521
1.96623
1.81336
1.67461
1.54771
1.43052
1.32123
1.21853
1.12148
1.02946
0.942062
0.859036
0.780273
0.705813
0.635819
0.570503
0.510017
0.454383
0.403482
0.357094
0.314944
0.276742
0.242208
0.211073
0.183075
0.157957
0.135455
0.115311
0.0972818
0.0811455
0.0667018
0.0537587
0.0421241
0.0315913
0.0219443
0.0129078
0.00425021
0.37433
1.12533
1.88158
2.64105
3.39384
4.12075
4.79428
5.38314
5.85954
6.20594
6.4178
6.50178
6.47201
6.34618
6.14258
5.87861
5.57054
5.23356
4.88198
4.52854
4.18334
3.85324
3.54223
3.25229
2.98422
2.73817
2.51392
2.31087
2.12787
1.96314
1.81417
1.67814
1.55237
1.43477
1.32388
1.21876
1.11881
1.02366
0.933054
0.846912
0.765328
0.688566
0.616971
0.550788
0.490063
0.434639
0.384231
0.3385
0.297099
0.259711
0.226039
0.1958
0.168711
0.144479
0.122811
0.103433
0.0861064
0.0706218
0.0567809
0.0443846
0.0332114
0.0230298
0.0135258
0.00444628
0.405894
1.22218
2.04978
2.88927
3.73098
4.55236
5.31873
5.98902
6.52654
6.90919
7.133
7.20845
7.15474
6.9944
6.74937
6.43959
6.0832
5.69708
5.29749
4.8993
4.514
4.14873
3.80705
3.49031
3.19869
2.93197
2.68977
2.47142
2.27569
2.10053
1.94285
1.79906
1.66587
1.54086
1.42249
1.30987
1.20249
1.10001
1.00219
0.908956
0.820459
0.7371
0.659408
0.587762
0.522226
0.462581
0.408457
0.359428
0.315087
0.275079
0.239085
0.206807
0.177942
0.152164
0.129139
0.108559
0.0901719
0.0737646
0.0591389
0.0460951
0.0343978
0.0238038
0.0139546
0.00457703
0.434561
1.31097
2.20661
3.12589
4.06024
4.98371
5.85273
6.61332
7.21674
7.63539
7.86709
7.92788
7.84367
7.64292
7.35152
6.99181
6.5835
6.14487
5.69436
5.24949
4.82343
4.42333
4.05186
3.70942
3.39537
3.10901
2.84987
2.6173
2.4101
2.226
2.06121
1.91112
1.77165
1.64008
1.51485
1.39523
1.28085
1.17144
1.06675
0.966688
0.871445
0.781598
0.697949
0.621057
0.550993
0.487438
0.429904
0.377858
0.330826
0.288421
0.250307
0.216182
0.185728
0.158585
0.134366
0.112723
0.0933926
0.0761695
0.0608614
0.047276
0.0351644
0.0242758
0.0142
0.00464369
0.459731
1.38992
2.34927
3.34751
4.37845
5.41304
6.39692
7.25891
7.93388
8.38766
8.62192
8.6607
8.53851
8.29111
7.94846
7.5349
7.07129
6.57676
6.07212
5.57856
5.11131
4.67705
4.27699
3.91018
3.57488
3.26989
2.99475
2.74895
2.53149
2.34001
2.16986
2.01499
1.87035
1.73299
1.60144
1.47523
1.35426
1.2383
1.12706
1.02041
0.918537
0.822237
0.732717
0.650789
0.576493
0.50935
0.448719
0.393937
0.34445
0.299855
0.25981
0.224015
0.192154
0.163825
0.13857
0.115993
0.0958239
0.0778787
0.0619791
0.0479492
0.0355264
0.0244568
0.0142688
0.00464789
0.480783
1.45717
2.47469
3.55019
4.68172
5.83794
6.95177
7.92916
8.68222
9.16911
9.39903
9.40699
9.23838
8.93788
8.53934
8.0684
7.54649
6.99262
6.43024
5.88579
5.37726
4.91001
4.48288
4.09323
3.73797
3.41529
3.12499
2.86684
2.64022
2.443
2.26943
2.11143
1.96269
1.82019
1.68275
1.55025
1.42304
1.3009
1.18343
1.07043
0.961996
0.859185
0.763821
0.677067
0.598859
0.528467
0.465061
0.407819
0.3561
0.309506
0.267699
0.230396
0.197303
0.16797
0.141836
0.118442
0.0975233
0.0789358
0.0625231
0.0481368
0.0354992
0.0243581
0.0141684
0.00459177
0.497108
1.51082
2.57963
3.72951
4.96533
6.25522
7.51763
8.62812
9.46665
9.98283
10.1995
10.1663
9.94174
9.58172
9.12311
8.59175
8.00917
7.39249
6.76806
6.17029
5.6209
5.12242
4.67007
4.2594
3.8855
3.54595
3.24123
2.97141
2.7366
2.53538
2.36062
2.20126
2.04937
1.90228
1.75921
1.62063
1.4875
1.35955
1.23619
1.11709
1.0021
0.892595
0.79134
0.69999
0.618229
0.544945
0.479099
0.419668
0.36592
0.317501
0.274082
0.235414
0.201259
0.171111
0.144255
0.120147
0.0985494
0.0793847
0.0625245
0.0478606
0.0350984
0.0239915
0.0139077
0.00447811
0.508144
1.54909
2.66081
3.88068
5.22375
6.66077
8.09465
9.36082
10.293
10.8318
11.0242
10.9377
10.6464
10.2207
9.69855
9.10433
8.45968
7.77671
7.0848
6.43091
5.84185
5.31462
4.83921
4.4096
4.01846
3.66267
3.34413
3.06314
2.82082
2.61745
2.44419
2.28538
2.13114
1.97983
1.83127
1.68664
1.54792
1.41456
1.28563
1.16075
1.03916
0.922598
0.815317
0.719648
0.63475
0.558948
0.491011
0.429659
0.374055
0.323966
0.279067
0.239149
0.204097
0.173339
0.145921
0.121184
0.0989603
0.0792683
0.0620133
0.047141
0.034339
0.0233692
0.0134963
0.00431057
0.513415
1.57036
2.71505
3.99861
5.45054
7.04926
8.6827
10.1337
11.1683
11.7185
11.873
11.7196
11.3492
10.8527
10.2644
9.6054
8.89877
8.14607
7.37947
6.66611
6.03976
5.48722
4.99106
4.54491
4.13796
3.76623
3.43441
3.14249
2.89293
2.68944
2.52097
2.36485
2.20869
2.0534
1.89933
1.7485
1.60455
1.46622
1.33203
1.20179
1.07352
0.949285
0.835736
0.736122
0.648585
0.570641
0.500982
0.437972
0.380648
0.32903
0.282761
0.241673
0.205885
0.17475
0.146939
0.121635
0.0988114
0.0786277
0.0610179
0.0459969
0.0332355
0.0225039
0.0129448
0.00409374
0.512563
1.57332
2.73945
4.07809
5.63838
7.41391
9.2811
10.9552
12.1011
12.6448
12.7456
12.5102
12.0463
11.4751
10.8195
10.094
9.32777
8.50202
7.65072
6.87382
6.21443
5.64111
5.12638
4.66655
4.24527
3.85737
3.51286
3.20999
2.95278
2.75134
2.59196
2.44085
2.28268
2.12352
1.96378
1.80629
1.65758
1.51479
1.37563
1.24064
1.10557
0.972698
0.852509
0.749491
0.659922
0.580187
0.509207
0.4448
0.385829
0.332817
0.285273
0.243043
0.206679
0.175446
0.147421
0.121576
0.0981543
0.077502
0.0595653
0.0444445
0.0318013
0.0214089
0.0122653
0.00383334
0.505384
1.55707
2.73158
4.11403
5.77905
7.74606
9.88824
11.8362
13.1019
13.6106
13.6408
13.3075
12.7324
12.0855
11.3629
10.5685
9.74877
8.84702
7.89666
7.0512
6.36589
5.77769
5.24585
4.7759
4.34186
3.93668
3.58035
3.26628
2.99992
2.80294
2.65835
2.51481
2.35362
2.19067
2.025
1.85996
1.70724
1.56059
1.41656
1.27782
1.13583
0.9928
0.865444
0.759848
0.668988
0.587736
0.51589
0.450348
0.389712
0.335452
0.286718
0.243296
0.206512
0.175535
0.147492
0.12108
0.0970339
0.0759281
0.0576808
0.0424974
0.0300484
0.0200987
0.0114713
0.00353618
0.491844
1.52119
2.68966
4.1017
5.86363
8.03473
10.5009
12.7915
14.1842
14.6133
14.557
14.11
13.4003
12.6818
11.8945
11.0265
10.1649
9.18496
8.1145
7.19434
6.49468
5.89897
5.34986
4.87453
4.42944
4.00445
3.6379
3.31223
3.03354
2.84362
2.72167
2.58844
2.42174
2.25534
2.08344
1.90926
1.75371
1.60396
1.45484
1.31392
1.16493
1.00944
0.874218
0.767319
0.676074
0.593401
0.521245
0.454843
0.392377
0.337062
0.287224
0.242446
0.205396
0.175137
0.147298
0.120212
0.0954869
0.0739417
0.0553884
0.0401657
0.0279869
0.0185894
0.0105779
0.00321012
0.472097
1.46582
2.61272
4.03703
5.88261
8.26617
11.1134
13.8408
15.3648
15.6456
15.4922
14.917
14.0403
13.2624
12.415
11.4635
10.5808
9.52182
8.30008
7.29788
6.60211
6.00791
5.43817
4.96427
4.51016
4.06042
3.68675
3.34906
3.05226
2.87224
2.78393
2.66392
2.48685
2.31801
2.13967
1.95359
1.79728
1.64534
1.49019
1.34966
1.19375
1.02229
0.878328
0.772101
0.681558
0.59723
0.525502
0.458547
0.393849
0.337777
0.286944
0.240469
0.203305
0.174391
0.147004
0.119022
0.0935393
0.0715785
0.0527117
0.0374557
0.0256248
0.0168996
0.00960246
0.00286392
0.446479
1.39166
2.50078
3.91695
5.82636
8.42339
11.7156
15.0107
16.6656
16.6927
16.4449
15.7305
14.6387
13.8272
12.9272
11.8719
11.0028
9.86645
8.4472
7.35452
6.6908
6.10869
5.50936
5.04736
4.58675
4.10342
3.72849
3.37864
3.05402
2.88694
2.84784
2.74399
2.54796
2.37926
2.19451
1.99186
1.83833
1.68536
1.52199
1.38598
1.22345
1.03077
0.877042
0.774508
0.685947
0.59915
0.528919
0.461777
0.394069
0.33774
0.286075
0.237295
0.200169
0.173467
0.146814
0.117533
0.0912044
0.0688774
0.0496736
0.0343688
0.0229669
0.0150514
0.00856443
0.00250698
0.415498
1.29999
2.35488
3.73979
5.6856
8.48587
12.2911
16.3367
18.1154
17.7288
17.4149
16.5561
15.1754
14.3785
13.4366
12.2389
11.4402
10.2318
8.54658
7.35445
6.76529
6.20726
5.56007
5.12664
4.66286
4.13083
3.76523
3.40372
3.03578
2.8848
2.91715
2.83222
2.60295
2.43987
2.24922
2.02225
1.87753
1.72495
1.54893
1.42406
1.25566
1.03398
0.869341
0.775045
0.689925
0.598892
0.531804
0.464938
0.392846
0.33712
0.284881
0.232792
0.195855
0.172578
0.146973
0.115729
0.0884819
0.0658842
0.0462977
0.0309007
0.0200144
0.0130716
0.00748589
0.00214897
0.37981
1.1926
2.17718
3.50555
5.45217
8.42943
12.8136
17.8669
19.7522
18.7113
18.4054
17.4059
15.6212
14.9225
13.9533
12.5437
11.9057
10.6363
8.58462
7.28467
6.83292
6.31181
5.58385
5.20596
4.74352
4.13781
3.79989
3.42846
2.99326
2.86157
2.99699
2.93328
2.64788
2.50101
2.30574
2.04181
1.91592
1.76552
1.56878
1.46553
1.29263
1.03045
0.853846
0.7745
0.694418
0.595876
0.534546
0.468563
0.389788
0.336129
0.283722
0.226737
0.190155
0.171996
0.147786
0.113534
0.0853585
0.0626572
0.0426079
0.0270401
0.0167635
0.0109934
0.00639145
0.00179944
0.340181
1.07172
1.97087
3.21622
5.11997
8.22672
13.2425
19.6652
21.6267
19.573
19.426
18.3016
15.9327
15.4713
14.4939
12.7537
12.4177
11.1058
8.5415
7.12826
6.90493
6.43367
5.56958
5.29076
4.83581
4.11616
3.83658
3.45885
2.92051
2.8111
3.0944
3.05336
2.6762
2.5646
2.36704
2.04592
1.95522
1.80922
1.57787
1.51254
1.33741
1.01803
0.828748
0.774059
0.700671
0.589057
0.537667
0.473383
0.384212
0.335055
0.283097
0.218794
0.182761
0.172077
0.149636
0.110783
0.0818114
0.0592736
0.038628
0.0227675
0.0132041
0.0088586
0.00530799
0.00146729
0.297449
0.939909
1.74009
2.8759
4.68596
7.84831
13.5166
21.8161
23.8074
20.2128
20.4964
19.2784
16.0461
16.046
15.0846
12.8186
13.0017
11.6758
8.38899
6.86364
6.99776
6.58819
5.49934
5.38887
4.94966
4.05292
3.88116
3.50345
2.80947
2.72488
3.2189
3.20069
2.67761
2.63373
2.43761
2.02757
1.99815
1.85926
1.57051
1.56813
1.39419
0.993573
0.791738
0.775446
0.710352
0.576713
0.541906
0.480397
0.375013
0.334306
0.283693
0.208468
0.173245
0.17329
0.153001
0.107187
0.0778163
0.0558382
0.0343806
0.0180533
0.00931885
0.00672039
0.004264
0.00116027
0.252484
0.799907
1.4897
2.49088
4.15135
7.26491
13.5461
24.4308
26.3867
20.4816
21.6527
20.3907
15.8687
16.6805
15.7649
12.6642
13.6936
12.3943
8.08741
6.46388
7.1346
6.796
5.34567
5.51177
5.09898
3.92834
3.942
3.57405
2.6494
2.59128
3.38324
3.38622
2.63658
2.71329
2.524
1.97638
2.04889
1.92037
1.53816
1.63646
1.46852
0.952618
0.739945
0.781088
0.725674
0.556168
0.548329
0.490984
0.360499
0.334472
0.286438
0.195058
0.161032
0.176245
0.158486
0.102285
0.0733608
0.052491
0.0298841
0.0128572
0.00508044
0.00464682
0.0032883
0.000884417
0.206141
0.654511
1.22506
2.06941
3.52264
6.45093
13.202
27.6529
29.4886
20.1666
22.9552
21.7178
15.2679
17.427
16.592
12.1826
14.5434
13.3245
7.58208
5.89611
7.34705
7.0846
5.06804
5.67609
5.30305
3.71346
4.03103
3.68658
2.42628
2.39478
3.60419
3.62448
2.53054
2.81089
2.63558
1.87729
2.11366
1.99931
1.46837
1.72334
1.56773
0.888941
0.669899
0.79429
0.749554
0.523447
0.558481
0.507022
0.338173
0.336417
0.292567
0.177599
0.145377
0.181735
0.166848
0.0953813
0.0684662
0.0494165
0.0251487
0.00712666
0.000449602
0.0027254
0.00240809
0.000643631
0.15923
0.506436
0.951734
1.62138
2.81235
5.38993
12.3038
31.6668
33.2799
18.9701
24.4984
23.3723
14.0569
18.3621
17.6473
11.2216
15.6208
14.5485
6.79894
5.12125
7.6769
7.49027
4.6085
5.90575
5.58813
3.36698
4.16511
3.86189
2.12207
2.11514
3.90339
3.9347
2.32753
2.93791
2.78539
1.709
2.20152
2.10561
1.34352
1.83678
1.70128
0.794059
0.577529
0.81942
0.785803
0.472848
0.57459
0.531037
0.304468
0.341395
0.303685
0.154786
0.125342
0.190771
0.179034
0.0854753
0.0632195
0.0468502
0.0201707
0.000797393
-0.00462819
0.0010687
0.0016462
0.000439427
0.112482
0.358206
0.67518
1.1577
2.03937
4.08218
10.6032
36.7052
37.9818
16.4846
26.4239
25.5082
11.978
19.5958
19.0425
9.57074
17.0209
16.1703
5.63956
4.09408
8.17771
8.06041
3.88653
6.23456
5.98943
2.83153
4.36779
4.12667
1.71401
1.72636
4.30828
4.34213
1.98347
3.11095
2.9911
1.442
2.32533
2.2523
1.13926
1.98777
1.88116
0.656631
0.458208
0.862078
0.839354
0.39642
0.599824
0.566375
0.254418
0.351208
0.321832
0.124892
0.0997711
0.204628
0.196225
0.071171
0.0578169
0.0450836
0.0149243
-0.00620569
-0.0102268
-0.000178955
0.00101739
0.000271092
0.0665347
0.212056
0.400475
0.689633
1.22841
2.55478
7.76636
43.0581
43.886
12.1644
28.9363
28.3304
8.68255
21.2807
20.928
6.94593
18.873
18.3197
3.97538
2.76383
8.91633
8.85641
2.79294
6.70929
6.55326
2.02929
4.67149
4.51411
1.17387
1.19573
4.853
4.87965
1.43893
3.35354
3.27618
1.03629
2.50285
2.45687
0.822657
2.1912
2.12228
0.461773
0.306871
0.929243
0.916542
0.283368
0.6386
0.617385
0.18128
0.368395
0.349544
0.0856805
0.0672845
0.224878
0.219879
0.0505753
0.0526211
0.0444643
0.0093526
-0.0139654
-0.0164443
-0.000833392
0.000523844
0.000136453
0.0219149
0.0698756
0.132085
0.227928
0.408394
0.874524
3.35309
51.0814
51.3722
5.2916
32.3213
32.1057
3.70827
23.624
23.5017
2.97117
21.3497
21.1548
1.64153
1.07544
9.97386
9.95699
1.18297
7.39349
7.33936
0.857003
5.12017
5.06455
0.467291
0.482776
5.57915
5.58969
0.615451
3.69814
3.67104
0.438783
2.75811
2.74229
0.350137
2.46701
2.44283
0.190315
0.118208
1.02937
1.02543
0.119374
0.696962
0.689618
0.0760973
0.396475
0.389892
0.0343003
0.0262675
0.253433
0.251786
0.0211802
0.0482331
0.04539
0.00335643
-0.0225675
-0.0234096
-0.000661343
0.0001498
3.35724e-05
)
;

boundaryField
{
    left
    {
        type            calculated;
        value           uniform 0;
    }
    right
    {
        type            calculated;
        value           uniform 0;
    }
    interface
    {
        type            calculated;
        value           nonuniform List<scalar> 
64
(
0.0219149
0.0698756
0.132085
0.227928
0.408394
0.874524
3.35309
51.0814
51.3722
5.2916
32.3213
32.1057
3.70827
23.624
23.5017
2.97117
21.3497
21.1548
1.64153
1.07544
9.97386
9.95699
1.18297
7.39349
7.33936
0.857003
5.12017
5.06455
0.467291
0.482776
5.57915
5.58969
0.615451
3.69814
3.67104
0.438783
2.75811
2.74229
0.350137
2.46701
2.44283
0.190315
0.118208
1.02937
1.02543
0.119374
0.696962
0.689618
0.0760973
0.396475
0.389892
0.0343003
0.0262675
0.253433
0.251786
0.0211802
0.0482331
0.04539
0.00335643
-0.0225675
-0.0234096
-0.000661343
0.0001498
3.35724e-05
)
;
    }
    bottom
    {
        type            calculated;
        value           nonuniform List<scalar> 
64
(
0.0222156
0.0664
0.109821
0.151902
0.191985
0.229341
0.263209
0.292862
0.317674
0.337197
0.351199
0.359688
0.362892
0.361233
0.35527
0.345657
0.333087
0.318257
0.301833
0.284422
0.266554
0.248675
0.231141
0.21422
0.198105
0.18292
0.168733
0.155564
0.143396
0.132182
0.121854
0.112332
0.103532
0.0953716
0.0877751
0.0806779
0.0740269
0.0677806
0.0619084
0.0563884
0.0512064
0.0463529
0.0418217
0.037607
0.0337027
0.0301007
0.0267906
0.0237602
0.0209952
0.0184803
0.0161991
0.014135
0.0122711
0.0105906
0.00907695
0.007714
0.00648583
0.00537689
0.00437179
0.00345514
0.00261137
0.0018246
0.0010786
0.000356878
)
;
    }
    defaultFaces
    {
        type            empty;
    }
}


// ************************************************************************* //
