/*--------------------------------*- C++ -*----------------------------------*\
| =========                 |                                                 |
| \\      /  F ield         | OpenFOAM: The Open Source CFD Toolbox           |
|  \\    /   O peration     | Version:  5.x                                   |
|   \\  /    A nd           | Web:      www.OpenFOAM.org                      |
|    \\/     M anipulation  |                                                 |
\*---------------------------------------------------------------------------*/
FoamFile
{
    version     2.0;
    format      ascii;
    class       volScalarField;
    location    "11.1";
    object      gradTy;
}
// * * * * * * * * * * * * * * * * * * * * * * * * * * * * * * * * * * * * * //

dimensions      [0 -1 0 1 0 0 0];

internalField   nonuniform List<scalar> 
2048
(
-20.1543
-20.0574
-19.8647
-19.5784
-19.202
-18.7406
-18.201
-17.5916
-16.9225
-16.2047
-15.4503
-14.6716
-13.8805
-13.0882
-12.3048
-11.539
-10.798
-10.0875
-9.41157
-8.77299
-8.17323
-7.61271
-7.09098
-6.6069
-6.15887
-5.74491
-5.36288
-5.01054
-4.68566
-4.38607
-4.10975
-3.85486
-3.61972
-3.40286
-3.20297
-3.0189
-2.84965
-2.6943
-2.552
-2.42199
-2.30353
-2.19589
-2.09838
-2.01031
-1.931
-1.85981
-1.79608
-1.73922
-1.68863
-1.64378
-1.60415
-1.56927
-1.5387
-1.51205
-1.48896
-1.4691
-1.45218
-1.43794
-1.42616
-1.41664
-1.40922
-1.40377
-1.4002
-1.39842
-20.2326
-20.1349
-19.9404
-19.6512
-19.2707
-18.8039
-18.2575
-17.64
-16.9618
-16.2343
-15.47
-14.6817
-13.8815
-13.081
-12.2906
-11.519
-10.7734
-10.0595
-9.38136
-8.74158
-8.14148
-7.58133
-7.06051
-6.57775
-6.13129
-5.71908
-5.33886
-4.98833
-4.66519
-4.36723
-4.09242
-3.83887
-3.60493
-3.38912
-3.19015
-3.00691
-2.8384
-2.68372
-2.54206
-2.41265
-2.29476
-2.18768
-2.09073
-2.0032
-1.92443
-1.85375
-1.79052
-1.73412
-1.68397
-1.63953
-1.60028
-1.56576
-1.53551
-1.50915
-1.48633
-1.4667
-1.44998
-1.43593
-1.4243
-1.41491
-1.4076
-1.40223
-1.39871
-1.39696
-20.3815
-20.2823
-20.0845
-19.79
-19.4018
-18.9247
-18.3652
-17.7323
-17.0366
-16.2904
-15.5071
-14.7002
-13.8827
-13.0666
-12.2628
-11.4801
-10.7259
-10.0057
-9.32346
-8.68151
-8.0809
-7.52156
-7.00257
-6.52238
-6.079
-5.67015
-5.29341
-4.94634
-4.62653
-4.3317
-4.05973
-3.80873
-3.57705
-3.36321
-3.16599
-2.98429
-2.81716
-2.66374
-2.52326
-2.39497
-2.27817
-2.17217
-2.07626
-1.98977
-1.91201
-1.8423
-1.78
-1.72449
-1.67518
-1.63152
-1.593
-1.55913
-1.5295
-1.50369
-1.48135
-1.46217
-1.44585
-1.43213
-1.4208
-1.41167
-1.40455
-1.39933
-1.39591
-1.39421
-20.5927
-20.4913
-20.2892
-19.9875
-19.5887
-19.0971
-18.5191
-17.8639
-17.143
-16.3699
-15.559
-14.7253
-13.8828
-13.0445
-12.2215
-11.4232
-10.6569
-9.92803
-9.24023
-8.59548
-7.99441
-7.43647
-6.92031
-6.44396
-6.00508
-5.60112
-5.22941
-4.88731
-4.57227
-4.28187
-4.01394
-3.76654
-3.53801
-3.32694
-3.13213
-2.95256
-2.78734
-2.63567
-2.49683
-2.37011
-2.25483
-2.15032
-2.0559
-1.97087
-1.89453
-1.82621
-1.76524
-1.71098
-1.66285
-1.62029
-1.58278
-1.54985
-1.52107
-1.49603
-1.4744
-1.45583
-1.44006
-1.42683
-1.41592
-1.40713
-1.4003
-1.39529
-1.39201
-1.39039
-20.8586
-20.7551
-20.548
-20.2378
-19.8262
-19.3165
-18.7151
-18.0314
-17.2779
-16.4697
-15.6231
-14.7548
-13.8803
-13.0136
-12.1665
-11.3486
-10.5673
-9.82781
-9.13341
-8.48561
-7.88441
-7.32868
-6.81646
-6.34526
-5.9123
-5.51468
-5.14945
-4.81373
-4.50476
-4.21999
-3.95714
-3.71423
-3.48961
-3.28194
-3.09008
-2.91312
-2.75024
-2.60071
-2.46387
-2.33907
-2.22568
-2.12304
-2.03047
-1.94727
-1.87273
-1.80615
-1.74684
-1.69417
-1.64751
-1.60633
-1.57009
-1.53833
-1.51061
-1.48654
-1.46577
-1.44798
-1.4329
-1.42027
-1.40987
-1.40152
-1.39505
-1.39031
-1.38721
-1.38568
-21.1729
-21.0672
-20.8551
-20.5359
-20.1099
-19.5794
-18.9501
-18.2318
-17.4385
-16.5873
-15.6971
-14.7867
-13.8735
-12.9728
-12.0971
-11.2562
-10.4575
-9.70592
-9.00435
-8.3536
-7.75294
-7.20044
-6.69341
-6.22874
-5.80313
-5.41327
-5.05591
-4.72787
-4.42619
-4.14812
-3.89127
-3.6536
-3.43352
-3.22973
-3.04125
-2.86724
-2.70701
-2.55992
-2.42537
-2.30279
-2.19157
-2.09111
-2.00072
-1.91968
-1.84727
-1.78275
-1.7254
-1.67458
-1.62967
-1.59009
-1.55535
-1.52496
-1.49848
-1.47554
-1.45578
-1.43889
-1.4246
-1.41267
-1.40289
-1.39505
-1.38899
-1.38458
-1.38169
-1.38027
-21.5294
-21.4219
-21.2053
-20.8774
-20.4365
-19.883
-19.2218
-18.4631
-17.6226
-16.7204
-15.7785
-14.8186
-13.8605
-12.9206
-12.0123
-11.1455
-10.3275
-9.56298
-8.85407
-8.20088
-7.60175
-7.05376
-6.55334
-6.09664
-5.6798
-5.2991
-4.95092
-4.63181
-4.33854
-4.06815
-3.8181
-3.58631
-3.37123
-3.1717
-2.98688
-2.81607
-2.65871
-2.51426
-2.38222
-2.26206
-2.15326
-2.05523
-1.9673
-1.88873
-1.81874
-1.75655
-1.70144
-1.65271
-1.60975
-1.572
-1.53893
-1.51007
-1.48499
-1.46331
-1.44467
-1.42879
-1.41539
-1.40425
-1.39515
-1.38789
-1.38231
-1.37826
-1.37562
-1.37432
-21.9224
-21.8138
-21.5941
-21.2587
-20.8031
-20.2254
-19.5288
-18.7238
-17.8285
-16.8669
-15.8651
-14.8484
-13.8393
-12.8555
-11.9111
-11.0161
-10.1775
-9.39941
-8.68343
-8.02872
-7.43245
-6.89049
-6.39824
-5.95102
-5.54438
-5.17417
-4.83643
-4.52743
-4.24363
-3.98183
-3.73927
-3.51386
-3.30412
-3.10908
-2.92808
-2.76062
-2.60627
-2.46459
-2.33518
-2.21761
-2.1114
-2.01603
-1.9308
-1.85496
-1.78766
-1.72806
-1.67541
-1.62899
-1.58818
-1.55241
-1.52117
-1.49399
-1.47043
-1.45012
-1.43271
-1.41791
-1.40548
-1.39519
-1.38683
-1.38021
-1.37516
-1.37151
-1.36914
-1.36798
-22.3462
-22.2379
-22.0171
-21.6764
-21.2077
-20.6054
-19.8702
-19.013
-18.0548
-17.0247
-15.9544
-14.8737
-13.8078
-12.776
-11.7926
-10.8675
-10.0073
-9.21557
-8.4932
-7.83827
-7.24652
-6.71238
-6.23
-5.7938
-5.39876
-5.04032
-4.71423
-4.41645
-4.14313
-3.89073
-3.65629
-3.43763
-3.23343
-3.04297
-2.86585
-2.70179
-2.5505
-2.41166
-2.28496
-2.17006
-2.06658
-1.97403
-1.89174
-1.81888
-1.75451
-1.69774
-1.64775
-1.60381
-1.56529
-1.53165
-1.50237
-1.47699
-1.45506
-1.4362
-1.42008
-1.40643
-1.39502
-1.38564
-1.37808
-1.37215
-1.36767
-1.36446
-1.36239
-1.36138
-22.7953
-22.6889
-22.47
-22.1276
-21.6486
-21.0223
-20.246
-19.3302
-18.3002
-17.192
-16.0442
-14.892
-13.7639
-12.6804
-11.6557
-10.6993
-9.81692
-9.01176
-8.28403
-7.63061
-7.04544
-6.52113
-6.05042
-5.62681
-5.2447
-4.89923
-4.58591
-4.30041
-4.03854
-3.79635
-3.57052
-3.35886
-3.16026
-2.97435
-2.80105
-2.64035
-2.49211
-2.35612
-2.23215
-2.11996
-2.01928
-1.92971
-1.85057
-1.78092
-1.71973
-1.66599
-1.61883
-1.57751
-1.54143
-1.51002
-1.48281
-1.45931
-1.43909
-1.42176
-1.40699
-1.39454
-1.38419
-1.37575
-1.36904
-1.36384
-1.35997
-1.35723
-1.35549
-1.35464
-23.2642
-23.1619
-22.9488
-22.6095
-22.1246
-21.4764
-20.6569
-19.6758
-18.5638
-17.3665
-16.1316
-14.9007
-13.7055
-12.5673
-11.4997
-10.511
-9.60635
-8.78826
-8.05657
-7.40681
-6.83065
-6.31841
-5.86126
-5.45175
-5.0838
-4.7524
-4.45289
-4.1807
-3.93123
-3.70001
-3.48325
-3.27868
-3.08557
-2.90404
-2.73442
-2.57698
-2.43174
-2.29856
-2.17728
-2.06779
-1.96994
-1.88346
-1.80767
-1.74149
-1.6837
-1.63318
-1.589
-1.55042
-1.51685
-1.48778
-1.46271
-1.44118
-1.42274
-1.40699
-1.3936
-1.38236
-1.3731
-1.36564
-1.35981
-1.35538
-1.35216
-1.34993
-1.34854
-1.34786
-23.7473
-23.6517
-23.4494
-23.1196
-22.635
-21.9684
-21.1042
-20.0504
-18.8448
-17.5462
-16.214
-14.897
-13.6304
-12.4354
-11.3238
-10.3026
-9.37574
-8.54535
-7.81137
-7.16792
-6.60363
-6.10592
-5.66425
-5.27028
-4.91757
-4.60118
-4.31644
-4.05851
-3.82242
-3.60296
-3.39565
-3.19812
-3.01023
-2.83277
-2.66657
-2.51225
-2.36993
-2.23947
-2.12082
-2.01395
-1.9189
-1.83561
-1.7634
-1.70094
-1.64677
-1.59964
-1.55857
-1.52281
-1.49182
-1.46513
-1.44227
-1.42278
-1.40619
-1.39205
-1.38005
-1.37003
-1.36186
-1.3554
-1.35048
-1.34687
-1.34434
-1.34265
-1.34163
-1.34114
-24.2389
-24.1531
-23.9675
-23.6552
-23.1792
-22.4999
-21.5905
-20.4554
-19.1421
-17.7284
-16.2882
-14.878
-13.5365
-12.2836
-11.1278
-10.0742
-9.12542
-8.2833
-7.54894
-6.91501
-6.36594
-5.88537
-5.46109
-5.08396
-4.74737
-4.44679
-4.17765
-3.9349
-3.71321
-3.50639
-3.30884
-3.11807
-2.93494
-2.76111
-2.59801
-2.44663
-2.30714
-2.17931
-2.06317
-1.9588
-1.86646
-1.78643
-1.71803
-1.65959
-1.60927
-1.56569
-1.52781
-1.49492
-1.46655
-1.44228
-1.42167
-1.40427
-1.38958
-1.37708
-1.36646
-1.35764
-1.35057
-1.34512
-1.34114
-1.33838
-1.33657
-1.33546
-1.33484
-1.33455
-24.7334
-24.6609
-24.4989
-24.2137
-23.7569
-23.0732
-22.1192
-20.8929
-19.4549
-17.9101
-16.3508
-14.8406
-13.4217
-12.111
-10.9114
-9.82628
-8.85591
-8.00228
-7.26962
-6.64917
-6.11927
-5.65854
-5.25346
-4.89431
-4.57441
-4.29024
-4.03746
-3.81073
-3.60455
-3.41139
-3.22388
-3.03936
-2.86029
-2.68956
-2.52912
-2.38051
-2.24379
-2.11847
-2.00471
-1.90265
-1.81282
-1.7361
-1.67182
-1.61773
-1.57149
-1.53159
-1.49698
-1.46695
-1.44121
-1.41938
-1.40105
-1.3858
-1.37306
-1.36221
-1.35295
-1.34529
-1.33929
-1.33486
-1.33184
-1.32997
-1.32893
-1.32843
-1.32823
-1.32815
-25.2252
-25.1697
-25.0389
-24.7922
-24.368
-23.691
-22.695
-21.3659
-19.7816
-18.0878
-16.3981
-14.7812
-13.2841
-11.9172
-10.6749
-9.55951
-8.56802
-7.70232
-6.97355
-6.37155
-5.86549
-5.42721
-5.04301
-4.70279
-4.39976
-4.13241
-3.89665
-3.68667
-3.49726
-3.31905
-3.14185
-2.96266
-2.78674
-2.61847
-2.46018
-2.3142
-2.18026
-2.0573
-1.94577
-1.84579
-1.75814
-1.68475
-1.62499
-1.57567
-1.53371
-1.49761
-1.4663
-1.4391
-1.41595
-1.39657
-1.38052
-1.36747
-1.35675
-1.34758
-1.3396
-1.33304
-1.32808
-1.32467
-1.32264
-1.32169
-1.32147
-1.32161
-1.32185
-1.322
-25.7087
-25.6741
-25.5829
-25.3874
-25.0121
-24.357
-23.3241
-21.8784
-20.1198
-18.2568
-16.4263
-14.6963
-13.1219
-11.7025
-10.4188
-9.27514
-8.26299
-7.38316
-6.66049
-6.0834
-5.60674
-5.19319
-4.83133
-4.51083
-4.2243
-3.97401
-3.75589
-3.56317
-3.39199
-3.23049
-3.06384
-2.88852
-2.7146
-2.54811
-2.39134
-2.24794
-2.11689
-1.99609
-1.88668
-1.78849
-1.70248
-1.63242
-1.57774
-1.53369
-1.49619
-1.46398
-1.43598
-1.41149
-1.39089
-1.37395
-1.36017
-1.34938
-1.34079
-1.33328
-1.32648
-1.32093
-1.31699
-1.31458
-1.31356
-1.31359
-1.31422
-1.31505
-1.31576
-1.31614
-26.1786
-26.1689
-26.1256
-25.9955
-25.6884
-25.0753
-24.0145
-22.4359
-20.466
-18.4116
-16.4315
-14.5815
-12.9333
-11.4678
-10.1436
-8.97477
-7.94268
-7.04405
-6.32973
-5.78612
-5.34561
-4.9582
-4.61995
-4.31989
-4.04868
-3.81558
-3.6158
-3.44041
-3.28923
-3.14687
-2.99107
-2.81731
-2.64401
-2.47873
-2.32262
-2.18191
-2.05408
-1.93508
-1.82774
-1.73105
-1.6458
-1.57906
-1.53024
-1.49212
-1.45916
-1.43089
-1.40621
-1.38424
-1.36612
-1.35163
-1.34005
-1.33159
-1.32527
-1.31944
-1.31364
-1.30899
-1.30603
-1.30462
-1.30464
-1.30569
-1.30724
-1.30878
-1.30999
-1.31061
-26.63
-26.6488
-26.6619
-26.6121
-26.3957
-25.8505
-24.7767
-23.0461
-20.8138
-18.5452
-16.4109
-14.4321
-12.717
-11.2154
-9.8498
-8.66048
-7.60995
-6.68342
-5.97976
-5.48144
-5.08533
-4.72375
-4.41024
-4.13157
-3.8732
-3.65748
-3.47699
-3.31824
-3.18922
-3.06953
-2.925
-2.74912
-2.57492
-2.41056
-2.25388
-2.11621
-1.99225
-1.87444
-1.76926
-1.67386
-1.58794
-1.5245
-1.4827
-1.45134
-1.42281
-1.39853
-1.37719
-1.35741
-1.34172
-1.3297
-1.32019
-1.31415
-1.31031
-1.30619
-1.30113
-1.29723
-1.29523
-1.2948
-1.29589
-1.29802
-1.30054
-1.30284
-1.30456
-1.30544
-27.0583
-27.1089
-27.1862
-27.2319
-27.1314
-26.6872
-25.6238
-23.72
-21.1533
-18.6489
-16.3632
-14.2417
-12.4717
-10.9493
-9.53704
-8.33482
-7.26927
-6.29841
-5.60809
-5.17158
-4.83008
-4.49084
-4.20338
-3.94776
-3.69771
-3.49993
-3.3403
-3.19606
-3.0919
-3.00002
-2.86743
-2.68362
-2.50708
-2.34397
-2.18471
-2.05091
-1.93199
-1.81417
-1.71155
-1.61743
-1.52856
-1.46843
-1.43534
-1.4118
-1.38728
-1.36705
-1.34916
-1.331
-1.31771
-1.30826
-1.30055
-1.29706
-1.29605
-1.29367
-1.28894
-1.28563
-1.28459
-1.28513
-1.28731
-1.29061
-1.29415
-1.29725
-1.2995
-1.30064
-27.4597
-27.5445
-27.6929
-27.8489
-27.8918
-27.5894
-26.5722
-24.4733
-21.4681
-18.7121
-16.2904
-14.0019
-12.1962
-10.6765
-9.20335
-8.00076
-6.92765
-5.88405
-5.21088
-4.85949
-4.58547
-4.25959
-4.00028
-3.77099
-3.52128
-3.34297
-3.20701
-3.07263
-2.99682
-2.94021
-2.82076
-2.61981
-2.43999
-2.27963
-2.11438
-1.98601
-1.87416
-1.75403
-1.65496
-1.56258
-1.46704
-1.41034
-1.38847
-1.37413
-1.35259
-1.33654
-1.32237
-1.30494
-1.2941
-1.28746
-1.28108
-1.2803
-1.28263
-1.28207
-1.27703
-1.27414
-1.27415
-1.27558
-1.27891
-1.28345
-1.2881
-1.29203
-1.29482
-1.29623
-27.8308
-27.9517
-28.1765
-28.4562
-28.6712
-28.56
-27.6419
-25.3299
-21.7322
-18.7225
-16.2004
-13.7
-11.8896
-10.4083
-8.84357
-7.66167
-6.59621
-5.43212
-4.78261
-4.54926
-4.35919
-4.02844
-3.80151
-3.60494
-3.34185
-3.18648
-3.07924
-2.94582
-2.90302
-2.89244
-2.78835
-2.55566
-2.37292
-2.2188
-2.04159
-1.92145
-1.82006
-1.69336
-1.59981
-1.51057
-1.40237
-1.34955
-1.34249
-1.33917
-1.31858
-1.30707
-1.29723
-1.27903
-1.27088
-1.26752
-1.2616
-1.26379
-1.2702
-1.27164
-1.26531
-1.2627
-1.26394
-1.26615
-1.27067
-1.27658
-1.2824
-1.28719
-1.29053
-1.29221
-28.1691
-28.3267
-28.6314
-29.0461
-29.4618
-29.5995
-28.8567
-26.3255
-21.9048
-18.6655
-16.1109
-13.3166
-11.551
-10.1629
-8.44698
-7.32126
-6.29239
-4.92929
-4.3158
-4.24647
-4.16193
-3.79319
-3.60725
-3.45517
-3.1555
-3.0302
-2.96057
-2.81213
-2.80892
-2.8596
-2.77497
-2.48752
-2.30485
-2.16376
-1.96416
-1.85712
-1.77177
-1.6308
-1.54647
-1.46339
-1.33293
-1.28512
-1.29798
-1.30809
-1.28482
-1.27866
-1.27433
-1.25286
-1.24801
-1.24878
-1.24184
-1.24742
-1.25899
-1.26271
-1.25359
-1.25121
-1.25402
-1.2568
-1.26258
-1.27
-1.27707
-1.28274
-1.28664
-1.28859
-28.4728
-28.6669
-29.0528
-29.6103
-30.2532
-30.7048
-30.2435
-27.5147
-21.9224
-18.5249
-16.0546
-12.8209
-11.1795
-9.96881
-7.99379
-6.9834
-6.04331
-4.35439
-3.80095
-3.95865
-4.00876
-3.5454
-3.4172
-3.33034
-2.95547
-2.87372
-2.85687
-2.66611
-2.71218
-2.84518
-2.78758
-2.4093
-2.23454
-2.11839
-1.87854
-1.79287
-1.73251
-1.5639
-1.49528
-1.42416
-1.25616
-1.21588
-1.25573
-1.28253
-1.25038
-1.25125
-1.25455
-1.22575
-1.22542
-1.2318
-1.22138
-1.231
-1.24925
-1.25576
-1.24152
-1.23957
-1.24453
-1.24746
-1.25462
-1.26375
-1.27213
-1.2787
-1.28315
-1.28537
-28.7407
-28.9701
-29.436
-30.1401
-31.0324
-31.8675
-31.8308
-28.9801
-21.6885
-18.2838
-16.0873
-12.1645
-10.7746
-9.87023
-7.45002
-6.65211
-5.89043
-3.67446
-3.2268
-3.69557
-3.92099
-3.27016
-3.23071
-3.24385
-2.73066
-2.7166
-2.77752
-2.49935
-2.60971
-2.85328
-2.83639
-2.31126
-2.16058
-2.0891
-1.77901
-1.72851
-1.70733
-1.48849
-1.44662
-1.39769
-1.1681
-1.14044
-1.21681
-1.26483
-1.21369
-1.22475
-1.23931
-1.19656
-1.20303
-1.21749
-1.19951
-1.21429
-1.24128
-1.25149
-1.22857
-1.22762
-1.23567
-1.23804
-1.24677
-1.25784
-1.2676
-1.27508
-1.28005
-1.28255
-28.9728
-29.235
-29.7774
-30.6272
-31.7839
-33.0718
-33.645
-30.8468
-21.0584
-17.9261
-16.2984
-11.2714
-10.3362
-9.93415
-6.7603
-6.33138
-5.89605
-2.83898
-2.58129
-3.46938
-3.92875
-2.94309
-3.04684
-3.21614
-2.46347
-2.55844
-2.73704
-2.29922
-2.49775
-2.88842
-2.9363
-2.1784
-2.08151
-2.08601
-1.65667
-1.66387
-1.7039
-1.39789
-1.40082
-1.39126
-1.06275
-1.05736
-1.18255
-1.25828
-1.17211
-1.19905
-1.23072
-1.16351
-1.18079
-1.20718
-1.17516
-1.19704
-1.23542
-1.25087
-1.21389
-1.21525
-1.22778
-1.22837
-1.23902
-1.25232
-1.26351
-1.27187
-1.27736
-1.28011
-29.1694
-29.4614
-30.0742
-31.0635
-32.4904
-34.293
-35.7051
-33.3017
-19.8191
-17.4391
-16.8247
-10.0256
-9.86545
-10.2601
-5.83813
-6.0252
-6.15204
-1.77186
-1.85363
-3.29411
-4.07453
-2.5262
-2.86469
-3.2778
-2.12687
-2.39912
-2.75724
-2.04691
-2.37224
-2.95501
-3.10905
-1.98815
-1.99614
-2.12451
-1.49792
-1.59889
-1.73372
-1.2817
-1.35822
-1.41561
-0.931055
-0.965328
-1.15454
-1.26752
-1.12154
-1.17403
-1.23197
-1.12383
-1.15865
-1.20292
-1.14674
-1.17896
-1.23203
-1.25531
-1.1962
-1.20236
-1.22139
-1.21817
-1.23136
-1.24726
-1.25987
-1.26911
-1.27506
-1.27806
-29.3317
-29.6496
-30.3249
-31.4423
-33.1332
-35.4963
-38.0121
-36.6197
-17.6622
-16.8176
-17.8684
-8.25299
-9.36618
-10.9932
-4.55297
-5.73762
-6.79112
-0.360574
-1.03792
-3.18443
-4.4179
-1.96251
-2.68392
-3.47362
-1.68045
-2.23917
-2.87001
-1.71496
-2.22956
-3.05647
-3.38594
-1.70746
-1.90389
-2.22736
-1.28244
-1.53376
-1.81359
-1.12437
-1.31917
-1.48632
-0.759693
-0.863667
-1.13445
-1.29906
-1.05585
-1.14963
-1.24772
-1.0734
-1.13666
-1.20765
-1.11184
-1.15986
-1.23144
-1.2668
-1.17361
-1.18893
-1.21727
-1.20701
-1.22383
-1.24276
-1.25674
-1.2668
-1.27318
-1.27641
-29.4611
-29.8007
-30.5289
-31.7583
-33.6941
-36.6357
-40.5347
-41.1999
-14.1492
-16.0699
-19.7198
-5.69871
-8.847
-12.3398
-2.71366
-5.47309
-8.00136
1.55837
-0.139039
-3.15299
-5.04183
-1.16925
-2.50551
-3.86767
-1.06529
-2.08033
-3.12081
-1.26381
-2.06794
-3.19366
-3.81162
-1.28896
-1.80539
-2.42724
-0.980622
-1.46917
-1.96757
-0.903182
-1.28407
-1.62552
-0.529317
-0.752981
-1.1238
-1.36193
-0.966088
-1.12598
-1.28462
-1.00619
-1.11504
-1.22557
-1.067
-1.13974
-1.23386
-1.28815
-1.14337
-1.1751
-1.21648
-1.19425
-1.21654
-1.23892
-1.25413
-1.26498
-1.27174
-1.27514
-29.5598
-29.9165
-30.687
-32.0085
-34.1566
-37.6561
-43.1883
-47.6104
-8.66754
-15.2264
-22.7839
-1.99848
-8.32462
-14.5884
-0.0477741
-5.23704
-10.0441
4.21812
0.81851
-3.20591
-6.06072
-0.0292998
-2.33287
-4.54951
-0.197486
-1.92645
-3.57284
-0.637452
-1.88955
-3.36248
-4.44886
-0.66621
-1.70335
-2.76987
-0.550297
-1.40664
-2.22929
-0.585863
-1.25342
-1.86397
-0.212354
-0.636215
-1.12343
-1.46856
-0.839612
-1.1035
-1.35198
-0.913621
-1.0943
-1.2625
-1.00725
-1.11899
-1.2392
-1.32325
-1.10163
-1.16126
-1.22049
-1.1789
-1.20968
-1.23591
-1.25209
-1.26367
-1.27075
-1.27428
-29.6301
-29.9992
-30.801
-32.1919
-34.508
-38.4961
-45.8057
-56.6467
-0.376404
-14.3505
-27.6127
3.35648
-7.82845
-18.1325
3.82329
-5.0369
-13.2752
7.94507
1.77804
-3.33579
-7.63076
1.61915
-2.17343
-5.64171
1.03974
-1.78468
-4.31214
0.242093
-1.70376
-3.55042
-5.38459
0.252221
-1.60363
-3.3177
0.067259
-1.34907
-2.64485
-0.12764
-1.22798
-2.24362
0.229774
-0.520134
-1.13277
-1.63589
-0.658924
-1.08309
-1.46251
-0.783716
-1.07538
-1.32629
-0.925639
-1.09868
-1.24689
-1.37745
-1.04301
-1.14818
-1.23125
-1.15954
-1.2036
-1.23389
-1.25063
-1.26291
-1.27025
-1.27381
-29.6744
-30.0516
-30.8736
-32.3102
-34.7409
-39.0956
-48.0986
-69.4014
11.8583
-13.5538
-34.9414
11.061
-7.40702
-23.4991
9.41371
-4.8836
-18.171
13.1877
2.63362
-3.51154
-9.96266
3.99482
-2.04061
-7.30836
2.80543
-1.66711
-5.45324
1.48157
-1.53161
-3.73168
-6.73745
1.58972
-1.51675
-4.15417
0.952039
-1.30136
-3.27601
0.532203
-1.2089
-2.82063
0.850069
-0.417322
-1.14863
-1.88676
-0.400359
-1.06639
-1.6332
-0.600133
-1.05989
-1.42739
-0.812583
-1.08089
-1.25554
-1.45798
-0.960188
-1.13723
-1.25126
-1.13416
-1.19888
-1.23305
-1.24977
-1.26275
-1.27029
-1.27375
-29.6955
-30.0765
-30.9083
-32.3671
-34.855
-39.4076
-49.6095
-87.3488
29.5397
-13.0142
-45.7285
22.0433
-7.13604
-31.3792
17.4066
-4.79354
-25.3564
20.551
3.20787
-3.66432
-13.3372
7.38757
-1.95629
-9.7647
5.31173
-1.59287
-7.14567
3.22463
-1.41175
-3.86075
-8.66662
3.50989
-1.45963
-5.38826
2.21083
-1.27117
-4.2038
1.47443
-1.19778
-3.66854
1.72026
-0.348504
-1.16345
-2.25125
-0.0321998
-1.05572
-1.88592
-0.34059
-1.0499
-1.57886
-0.654589
-1.06867
-1.26194
-1.57389
-0.842678
-1.12975
-1.28287
-1.09915
-1.19548
-1.23266
-1.24856
-1.26228
-1.26994
-1.27313
)
;

boundaryField
{
    left
    {
        type            calculated;
        value           nonuniform List<scalar> 
32
(
-20.1543
-20.2326
-20.3815
-20.5927
-20.8586
-21.1729
-21.5294
-21.9224
-22.3462
-22.7953
-23.2642
-23.7473
-24.2389
-24.7334
-25.2252
-25.7087
-26.1786
-26.63
-27.0583
-27.4597
-27.8308
-28.1691
-28.4728
-28.7407
-28.9728
-29.1694
-29.3317
-29.4611
-29.5598
-29.6301
-29.6744
-29.6955
)
;
    }
    right
    {
        type            calculated;
        value           nonuniform List<scalar> 
32
(
-1.39842
-1.39696
-1.39421
-1.39039
-1.38568
-1.38027
-1.37432
-1.36798
-1.36138
-1.35464
-1.34786
-1.34114
-1.33455
-1.32815
-1.322
-1.31614
-1.31061
-1.30544
-1.30064
-1.29623
-1.29221
-1.28859
-1.28537
-1.28255
-1.28011
-1.27806
-1.27641
-1.27514
-1.27428
-1.27381
-1.27375
-1.27313
)
;
    }
    interface
    {
        type            calculated;
        value           nonuniform List<scalar> 
64
(
-29.7005
-30.0825
-30.9166
-32.3808
-34.8828
-39.487
-50.0999
-97.8315
39.9556
-12.8358
-52.1217
28.4861
-7.04962
-36.0452
22.1008
-4.76678
-29.6099
24.8493
3.39724
-3.72351
-15.3251
9.37937
-1.92961
-11.2207
6.78022
-1.56948
-8.15079
4.2426
-1.37102
-3.9051
-9.79801
4.63889
-1.44107
-6.12007
2.94895
-1.26161
-4.75329
2.02763
-1.19444
-4.17061
2.22812
-0.325767
-1.1693
-2.46616
0.183817
-1.0522
-2.03585
-0.188608
-1.04655
-1.66898
-0.562365
-1.06438
-1.26399
-1.64191
-0.773677
-1.12701
-1.30181
-1.07861
-1.19402
-1.23237
-1.24762
-1.26173
-1.26943
-1.27244
)
;
    }
    bottom
    {
        type            calculated;
        value           nonuniform List<scalar> 
64
(
-20.1338
-20.0372
-19.8449
-19.5594
-19.1841
-18.7242
-18.1863
-17.5791
-16.9122
-16.197
-15.4452
-14.669
-13.8802
-13.0901
-12.3085
-11.5442
-10.8044
-10.0948
-9.41941
-8.78115
-8.18149
-7.62088
-7.09892
-6.61451
-6.16606
-5.75166
-5.36916
-5.01635
-4.69101
-4.391
-4.11429
-3.85905
-3.62359
-3.40645
-3.20632
-3.02204
-2.85259
-2.69706
-2.5546
-2.42444
-2.30582
-2.19803
-2.10038
-2.01217
-1.93272
-1.86139
-1.79754
-1.74055
-1.68985
-1.64489
-1.60516
-1.57019
-1.53954
-1.51281
-1.48965
-1.46973
-1.45276
-1.43847
-1.42665
-1.41709
-1.40965
-1.40418
-1.40059
-1.3988
)
;
    }
    defaultFaces
    {
        type            empty;
    }
}


// ************************************************************************* //
