/*--------------------------------*- C++ -*----------------------------------*\
| =========                 |                                                 |
| \\      /  F ield         | OpenFOAM: The Open Source CFD Toolbox           |
|  \\    /   O peration     | Version:  5.x                                   |
|   \\  /    A nd           | Web:      www.OpenFOAM.org                      |
|    \\/     M anipulation  |                                                 |
\*---------------------------------------------------------------------------*/
FoamFile
{
    version     2.0;
    format      ascii;
    class       volScalarField;
    location    "0.6";
    object      gradTy;
}
// * * * * * * * * * * * * * * * * * * * * * * * * * * * * * * * * * * * * * //

dimensions      [0 -1 0 1 0 0 0];

internalField   nonuniform List<scalar> 
2048
(
-28.4492
-28.4247
-28.3763
-28.3047
-28.2116
-28.0989
-27.9693
-27.8257
-27.6718
-27.511
-27.3472
-27.1838
-27.0241
-26.8706
-26.7254
-26.5901
-26.4656
-26.3524
-26.2504
-26.1595
-26.079
-26.0082
-25.9464
-25.8927
-25.8463
-25.8063
-25.772
-25.7427
-25.7176
-25.6963
-25.6781
-25.6627
-25.6497
-25.6386
-25.6292
-25.6213
-25.6147
-25.609
-25.6043
-25.6003
-25.5969
-25.5941
-25.5917
-25.5897
-25.588
-25.5866
-25.5854
-25.5844
-25.5836
-25.5829
-25.5822
-25.5817
-25.5813
-25.5809
-25.5805
-25.5802
-25.58
-25.5797
-25.5795
-25.5794
-25.5792
-25.5791
-25.5791
-25.579
-28.4669
-28.4421
-28.3928
-28.32
-28.2252
-28.1104
-27.9782
-27.8318
-27.6748
-27.5109
-27.3442
-27.1782
-27.0162
-26.8609
-26.7145
-26.5783
-26.4534
-26.3401
-26.2383
-26.1477
-26.0677
-25.9976
-25.9364
-25.8834
-25.8376
-25.7983
-25.7645
-25.7357
-25.7111
-25.6901
-25.6723
-25.6572
-25.6444
-25.6336
-25.6244
-25.6167
-25.6102
-25.6047
-25.6
-25.5961
-25.5928
-25.5901
-25.5877
-25.5858
-25.5842
-25.5828
-25.5816
-25.5806
-25.5798
-25.5791
-25.5785
-25.578
-25.5776
-25.5772
-25.5768
-25.5765
-25.5763
-25.5761
-25.5759
-25.5757
-25.5755
-25.5754
-25.5754
-25.5753
-28.5007
-28.4751
-28.4244
-28.3493
-28.2513
-28.1324
-27.9953
-27.8434
-27.6804
-27.5107
-27.3383
-27.1672
-27.001
-26.8423
-26.6934
-26.5557
-26.43
-26.3166
-26.2152
-26.1254
-26.0464
-25.9775
-25.9176
-25.8658
-25.8212
-25.783
-25.7503
-25.7224
-25.6987
-25.6785
-25.6614
-25.6469
-25.6346
-25.6242
-25.6154
-25.608
-25.6017
-25.5964
-25.592
-25.5883
-25.5851
-25.5825
-25.5803
-25.5784
-25.5768
-25.5755
-25.5744
-25.5735
-25.5727
-25.572
-25.5715
-25.571
-25.5705
-25.5702
-25.5698
-25.5696
-25.5693
-25.5691
-25.5689
-25.5687
-25.5686
-25.5685
-25.5684
-25.5684
-28.549
-28.5224
-28.4696
-28.3913
-28.2888
-28.1641
-28.02
-27.86
-27.6885
-27.5101
-27.3295
-27.1511
-26.9787
-26.8153
-26.663
-26.5232
-26.3966
-26.2831
-26.1823
-26.0937
-26.0163
-25.949
-25.891
-25.841
-25.7982
-25.7616
-25.7304
-25.7038
-25.6813
-25.6622
-25.646
-25.6323
-25.6207
-25.6109
-25.6027
-25.5957
-25.5898
-25.5849
-25.5807
-25.5772
-25.5743
-25.5718
-25.5697
-25.568
-25.5665
-25.5653
-25.5643
-25.5634
-25.5627
-25.562
-25.5615
-25.561
-25.5607
-25.5603
-25.56
-25.5597
-25.5595
-25.5592
-25.5591
-25.5589
-25.5587
-25.5586
-25.5586
-25.5585
-28.6103
-28.5825
-28.5273
-28.4451
-28.337
-28.2049
-28.0517
-27.8814
-27.6986
-27.5089
-27.3177
-27.1298
-26.9496
-26.7802
-26.6238
-26.4815
-26.3538
-26.2404
-26.1407
-26.0537
-25.9784
-25.9134
-25.8577
-25.81
-25.7694
-25.7349
-25.7056
-25.6807
-25.6597
-25.6419
-25.6269
-25.6142
-25.6035
-25.5945
-25.5869
-25.5804
-25.575
-25.5705
-25.5666
-25.5634
-25.5607
-25.5585
-25.5566
-25.555
-25.5536
-25.5525
-25.5516
-25.5508
-25.5501
-25.5496
-25.5491
-25.5487
-25.5483
-25.548
-25.5477
-25.5474
-25.5472
-25.547
-25.5468
-25.5466
-25.5465
-25.5464
-25.5463
-25.5462
-28.6835
-28.6545
-28.5966
-28.51
-28.3954
-28.2546
-28.0904
-27.9072
-27.7106
-27.5069
-27.3025
-27.1031
-26.9135
-26.737
-26.5759
-26.4309
-26.3023
-26.1894
-26.0912
-26.0064
-25.9337
-25.8715
-25.8187
-25.7738
-25.7359
-25.7038
-25.6767
-25.6539
-25.6346
-25.6184
-25.6047
-25.5932
-25.5835
-25.5753
-25.5684
-25.5626
-25.5577
-25.5536
-25.5502
-25.5473
-25.5449
-25.5429
-25.5412
-25.5398
-25.5386
-25.5376
-25.5367
-25.536
-25.5354
-25.5349
-25.5345
-25.5341
-25.5338
-25.5335
-25.5333
-25.533
-25.5328
-25.5326
-25.5324
-25.5322
-25.5321
-25.532
-25.5319
-25.5318
-28.7676
-28.7374
-28.6767
-28.5855
-28.4638
-28.313
-28.136
-27.9375
-27.7242
-27.5037
-27.2835
-27.0706
-26.8701
-26.6858
-26.5195
-26.3719
-26.2427
-26.1307
-26.0346
-25.9526
-25.8831
-25.8244
-25.7749
-25.7333
-25.6984
-25.6691
-25.6445
-25.6239
-25.6066
-25.5921
-25.58
-25.5697
-25.5611
-25.5539
-25.5478
-25.5427
-25.5384
-25.5348
-25.5318
-25.5293
-25.5271
-25.5254
-25.5239
-25.5227
-25.5216
-25.5208
-25.5201
-25.5195
-25.519
-25.5185
-25.5181
-25.5178
-25.5175
-25.5173
-25.517
-25.5168
-25.5166
-25.5164
-25.5162
-25.516
-25.5159
-25.5158
-25.5157
-25.5157
-28.8615
-28.8302
-28.767
-28.6711
-28.5419
-28.3802
-28.1885
-27.9723
-27.7393
-27.4989
-27.2604
-27.0318
-26.8192
-26.6263
-26.4548
-26.3048
-26.1754
-26.065
-25.9716
-25.8931
-25.8274
-25.7727
-25.7271
-25.6892
-25.6577
-25.6315
-25.6097
-25.5915
-25.5764
-25.5637
-25.5532
-25.5443
-25.5369
-25.5307
-25.5255
-25.5211
-25.5174
-25.5143
-25.5117
-25.5096
-25.5078
-25.5063
-25.5051
-25.504
-25.5032
-25.5025
-25.5019
-25.5014
-25.5009
-25.5006
-25.5003
-25.5
-25.4998
-25.4995
-25.4993
-25.4991
-25.4989
-25.4987
-25.4985
-25.4984
-25.4982
-25.4981
-25.498
-25.498
-28.964
-28.932
-28.8667
-28.7666
-28.63
-28.4565
-28.2485
-28.0117
-27.7558
-27.4921
-27.2325
-26.9863
-26.7603
-26.5584
-26.3817
-26.2298
-26.101
-25.9929
-25.903
-25.8287
-25.7675
-25.7173
-25.6761
-25.6423
-25.6145
-25.5916
-25.5728
-25.5572
-25.5444
-25.5337
-25.5248
-25.5174
-25.5112
-25.506
-25.5017
-25.4981
-25.495
-25.4925
-25.4904
-25.4886
-25.4872
-25.4859
-25.4849
-25.4841
-25.4834
-25.4829
-25.4824
-25.482
-25.4817
-25.4814
-25.4811
-25.4809
-25.4807
-25.4805
-25.4804
-25.4802
-25.48
-25.4798
-25.4796
-25.4794
-25.4793
-25.4792
-25.4791
-25.4791
-29.0742
-29.0418
-28.9753
-28.8718
-28.7281
-28.5424
-28.3162
-28.056
-27.7733
-27.4829
-27.199
-26.9332
-26.6929
-26.4818
-26.3004
-26.1472
-26.0198
-25.9149
-25.8293
-25.76
-25.7041
-25.659
-25.6226
-25.5932
-25.5694
-25.5501
-25.5344
-25.5215
-25.5111
-25.5024
-25.4953
-25.4894
-25.4844
-25.4803
-25.4769
-25.474
-25.4716
-25.4696
-25.468
-25.4666
-25.4655
-25.4646
-25.4638
-25.4632
-25.4627
-25.4623
-25.4619
-25.4616
-25.4614
-25.4612
-25.461
-25.4609
-25.4607
-25.4606
-25.4604
-25.4602
-25.4601
-25.4599
-25.4597
-25.4595
-25.4594
-25.4592
-25.4591
-25.4591
-29.1907
-29.1586
-29.0919
-28.9864
-28.8365
-28.6386
-28.3927
-28.1057
-27.792
-27.4705
-27.1592
-26.8717
-26.6163
-26.3962
-26.2107
-26.0573
-25.9323
-25.8316
-25.7514
-25.6879
-25.6378
-25.5983
-25.5672
-25.5425
-25.523
-25.5074
-25.4949
-25.4849
-25.4769
-25.4703
-25.465
-25.4605
-25.4569
-25.4538
-25.4513
-25.4491
-25.4474
-25.446
-25.4448
-25.4438
-25.443
-25.4424
-25.4419
-25.4415
-25.4411
-25.4409
-25.4406
-25.4405
-25.4403
-25.4402
-25.4401
-25.44
-25.4399
-25.4398
-25.4396
-25.4395
-25.4393
-25.4392
-25.439
-25.4388
-25.4386
-25.4385
-25.4384
-25.4384
-29.3123
-29.2813
-29.216
-29.1101
-28.9557
-28.7459
-28.4787
-28.1613
-27.8115
-27.4541
-27.112
-26.801
-26.5301
-26.3013
-26.1129
-25.9605
-25.8391
-25.7438
-25.6698
-25.6129
-25.5694
-25.5361
-25.5106
-25.4909
-25.4758
-25.464
-25.4549
-25.4478
-25.4422
-25.4377
-25.4341
-25.4312
-25.4288
-25.4268
-25.4251
-25.4238
-25.4227
-25.4218
-25.421
-25.4205
-25.42
-25.4197
-25.4194
-25.4192
-25.419
-25.4189
-25.4188
-25.4187
-25.4187
-25.4186
-25.4186
-25.4185
-25.4185
-25.4184
-25.4183
-25.4182
-25.418
-25.4179
-25.4177
-25.4175
-25.4173
-25.4172
-25.4171
-25.4171
-29.4375
-29.4087
-29.3465
-29.2427
-29.086
-28.8656
-28.5758
-28.2236
-27.8317
-27.4329
-27.0562
-26.7201
-26.4335
-26.1971
-26.007
-25.8571
-25.7408
-25.6519
-25.5852
-25.5358
-25.4995
-25.4729
-25.4533
-25.4389
-25.4282
-25.4204
-25.4146
-25.4104
-25.4073
-25.405
-25.4031
-25.4017
-25.4005
-25.3995
-25.3987
-25.3981
-25.3976
-25.3972
-25.3969
-25.3967
-25.3966
-25.3965
-25.3965
-25.3965
-25.3965
-25.3965
-25.3965
-25.3966
-25.3966
-25.3966
-25.3966
-25.3967
-25.3967
-25.3966
-25.3966
-25.3965
-25.3963
-25.3962
-25.396
-25.3958
-25.3956
-25.3955
-25.3954
-25.3954
-29.565
-29.5394
-29.4825
-29.384
-29.2282
-28.999
-28.6856
-28.2936
-27.8522
-27.4057
-26.9906
-26.6279
-26.326
-26.0834
-25.8934
-25.7476
-25.6378
-25.5567
-25.4982
-25.4572
-25.4288
-25.4093
-25.3959
-25.3869
-25.3808
-25.3769
-25.3745
-25.3732
-25.3725
-25.3723
-25.3722
-25.3721
-25.3721
-25.3721
-25.3721
-25.3722
-25.3723
-25.3725
-25.3727
-25.3728
-25.373
-25.3732
-25.3734
-25.3736
-25.3737
-25.3739
-25.3741
-25.3742
-25.3743
-25.3744
-25.3745
-25.3745
-25.3746
-25.3746
-25.3746
-25.3745
-25.3744
-25.3742
-25.3741
-25.3738
-25.3737
-25.3735
-25.3734
-25.3734
-29.693
-29.672
-29.623
-29.5333
-29.3825
-29.1477
-28.8102
-28.3728
-27.8725
-27.3708
-26.9137
-26.5232
-26.2069
-25.9602
-25.7723
-25.6326
-25.5309
-25.4587
-25.4095
-25.3777
-25.3578
-25.3458
-25.3388
-25.3352
-25.3338
-25.3338
-25.3348
-25.3363
-25.338
-25.3398
-25.3415
-25.3428
-25.3439
-25.3448
-25.3456
-25.3464
-25.3471
-25.3477
-25.3483
-25.3489
-25.3493
-25.3498
-25.3502
-25.3506
-25.3509
-25.3512
-25.3514
-25.3517
-25.3519
-25.352
-25.3522
-25.3523
-25.3524
-25.3524
-25.3524
-25.3524
-25.3523
-25.3522
-25.352
-25.3517
-25.3516
-25.3513
-25.3513
-25.3512
-29.8201
-29.8049
-29.7666
-29.69
-29.5496
-29.3135
-28.9525
-28.4627
-27.8916
-27.3263
-26.8236
-26.4048
-26.0758
-25.8276
-25.6442
-25.5127
-25.4208
-25.3585
-25.3195
-25.2978
-25.2871
-25.2828
-25.2824
-25.2843
-25.2875
-25.2914
-25.2956
-25.2999
-25.3041
-25.3079
-25.3112
-25.3138
-25.3159
-25.3178
-25.3193
-25.3207
-25.322
-25.3231
-25.3241
-25.3249
-25.3257
-25.3264
-25.327
-25.3276
-25.3281
-25.3285
-25.3288
-25.3292
-25.3294
-25.3297
-25.3299
-25.33
-25.3302
-25.3303
-25.3303
-25.3303
-25.3302
-25.3301
-25.3299
-25.3296
-25.3294
-25.3292
-25.3291
-25.329
-29.9446
-29.9366
-29.912
-29.8533
-29.7296
-29.4987
-29.1158
-28.5657
-27.9081
-27.2696
-26.7188
-26.2714
-25.9323
-25.686
-25.5097
-25.3886
-25.3083
-25.2568
-25.2289
-25.2181
-25.2172
-25.2208
-25.2271
-25.2345
-25.2421
-25.2498
-25.2573
-25.2642
-25.2707
-25.2766
-25.2814
-25.2852
-25.2883
-25.291
-25.2933
-25.2953
-25.2971
-25.2986
-25.3
-25.3012
-25.3022
-25.3031
-25.3039
-25.3047
-25.3053
-25.3058
-25.3063
-25.3067
-25.307
-25.3073
-25.3076
-25.3078
-25.308
-25.3081
-25.3082
-25.3082
-25.3082
-25.3081
-25.3079
-25.3076
-25.3073
-25.307
-25.3069
-25.3068
-30.0649
-30.0655
-30.0575
-30.0219
-29.9226
-29.7053
-29.3044
-28.685
-27.9197
-27.1976
-26.5976
-26.1218
-25.776
-25.536
-25.3692
-25.2611
-25.1941
-25.1541
-25.1379
-25.1391
-25.1486
-25.1602
-25.173
-25.1859
-25.1978
-25.2092
-25.2198
-25.2294
-25.2381
-25.2459
-25.2522
-25.2571
-25.2612
-25.2646
-25.2675
-25.2701
-25.2724
-25.2744
-25.2761
-25.2776
-25.2789
-25.28
-25.281
-25.2819
-25.2827
-25.2833
-25.2839
-25.2844
-25.2848
-25.2851
-25.2854
-25.2857
-25.2859
-25.2861
-25.2862
-25.2863
-25.2863
-25.2862
-25.286
-25.2856
-25.2853
-25.2849
-25.2848
-25.2846
-30.1798
-30.19
-30.2014
-30.1943
-30.1282
-29.9357
-29.5237
-28.8248
-27.9227
-27.1062
-26.4588
-25.9546
-25.6068
-25.3786
-25.2236
-25.1308
-25.0792
-25.0507
-25.047
-25.0613
-25.0817
-25.1011
-25.1204
-25.1387
-25.1547
-25.1697
-25.1834
-25.1953
-25.2062
-25.216
-25.2238
-25.2296
-25.2345
-25.2386
-25.2421
-25.2453
-25.2481
-25.2504
-25.2525
-25.2543
-25.2557
-25.2571
-25.2583
-25.2594
-25.2602
-25.261
-25.2616
-25.2622
-25.2627
-25.2631
-25.2634
-25.2637
-25.264
-25.2642
-25.2644
-25.2645
-25.2645
-25.2644
-25.2642
-25.2638
-25.2634
-25.2628
-25.2627
-25.2624
-30.2877
-30.3085
-30.342
-30.3687
-30.3455
-30.1919
-29.7804
-28.9915
-27.9111
-26.9905
-26.3017
-25.7683
-25.4245
-25.2151
-25.0733
-24.9987
-24.9646
-24.9469
-24.9562
-24.9849
-25.0171
-25.0438
-25.0695
-25.0932
-25.1129
-25.1313
-25.148
-25.1621
-25.1752
-25.1869
-25.1961
-25.2027
-25.2082
-25.2131
-25.2171
-25.2208
-25.2241
-25.2268
-25.2291
-25.2312
-25.2328
-25.2344
-25.2358
-25.237
-25.238
-25.2388
-25.2396
-25.2402
-25.2407
-25.2412
-25.2416
-25.2419
-25.2422
-25.2425
-25.2427
-25.2428
-25.2429
-25.2428
-25.2426
-25.2421
-25.2416
-25.2409
-25.2407
-25.2405
-30.3876
-30.4197
-30.4773
-30.5427
-30.5729
-30.4754
-30.0823
-29.1944
-27.8757
-26.8445
-26.1275
-25.561
-25.2293
-25.0479
-24.9187
-24.8656
-24.8518
-24.8429
-24.8657
-24.9107
-24.9553
-24.9884
-25.0204
-25.0495
-25.0723
-25.0941
-25.1138
-25.1297
-25.1449
-25.1587
-25.1693
-25.1763
-25.1825
-25.188
-25.1925
-25.1967
-25.2004
-25.2034
-25.2061
-25.2084
-25.2102
-25.2119
-25.2135
-25.2149
-25.216
-25.2169
-25.2177
-25.2184
-25.219
-25.2195
-25.2199
-25.2203
-25.2207
-25.221
-25.2212
-25.2214
-25.2215
-25.2214
-25.2212
-25.2207
-25.22
-25.2192
-25.219
-25.2188
-30.4786
-30.5223
-30.6054
-30.7139
-30.8078
-30.7872
-30.4388
-29.4471
-27.8022
-26.6613
-25.9395
-25.3299
-25.0213
-24.88
-24.7597
-24.7321
-24.7426
-24.7383
-24.7754
-24.839
-24.8971
-24.9349
-24.9731
-25.0079
-25.0329
-25.0581
-25.0809
-25.0982
-25.1154
-25.1315
-25.1435
-25.1504
-25.1572
-25.1635
-25.1683
-25.173
-25.1772
-25.1805
-25.1835
-25.186
-25.1879
-25.1898
-25.1916
-25.1931
-25.1943
-25.1953
-25.1962
-25.1969
-25.1975
-25.1981
-25.1986
-25.199
-25.1994
-25.1997
-25.2
-25.2002
-25.2003
-25.2003
-25.2002
-25.1995
-25.1986
-25.1977
-25.1974
-25.1973
-30.56
-30.6152
-30.7247
-30.8793
-31.0469
-31.1266
-30.8605
-29.7705
-27.6685
-26.433
-25.7449
-25.0704
-24.8006
-24.7161
-24.5954
-24.599
-24.6393
-24.6325
-24.6852
-24.7705
-24.8433
-24.8831
-24.9277
-24.9687
-24.9947
-25.0233
-25.0495
-25.0674
-25.0868
-25.1054
-25.1188
-25.1252
-25.1326
-25.1397
-25.1446
-25.1498
-25.1546
-25.1579
-25.1613
-25.1641
-25.166
-25.168
-25.1701
-25.1718
-25.173
-25.1741
-25.175
-25.1758
-25.1764
-25.1771
-25.1775
-25.178
-25.1784
-25.1788
-25.1791
-25.1793
-25.1795
-25.1796
-25.1795
-25.1787
-25.1775
-25.1765
-25.1762
-25.1763
-30.6313
-30.6978
-30.8334
-31.036
-31.2856
-31.4911
-31.3586
-30.1956
-27.4413
-26.1513
-25.5565
-24.7754
-24.5679
-24.563
-24.4235
-24.467
-24.5453
-24.5239
-24.5946
-24.7059
-24.7952
-24.8325
-24.8843
-24.9324
-24.9573
-24.9899
-25.02
-25.0374
-25.059
-25.0806
-25.0955
-25.1005
-25.1086
-25.1167
-25.1213
-25.1272
-25.1326
-25.1359
-25.1396
-25.1428
-25.1445
-25.1468
-25.149
-25.1509
-25.1521
-25.1533
-25.1543
-25.1551
-25.1558
-25.1565
-25.157
-25.1575
-25.1579
-25.1583
-25.1586
-25.1589
-25.1592
-25.1593
-25.1593
-25.1584
-25.1567
-25.1557
-25.1554
-25.1557
-30.6924
-30.7694
-30.9302
-31.1809
-31.5187
-31.8755
-31.9434
-30.7687
-27.0706
-25.8085
-25.3951
-24.4327
-24.3235
-24.4301
-24.2395
-24.3367
-24.4655
-24.4101
-24.5032
-24.6461
-24.7543
-24.7822
-24.8427
-24.8998
-24.9203
-24.9578
-24.9927
-25.0078
-25.0321
-25.0571
-25.0739
-25.0761
-25.0852
-25.0947
-25.0986
-25.1053
-25.1115
-25.1144
-25.1186
-25.1221
-25.1236
-25.126
-25.1286
-25.1306
-25.1318
-25.133
-25.1342
-25.1349
-25.1357
-25.1364
-25.1369
-25.1375
-25.138
-25.1384
-25.1387
-25.1391
-25.1394
-25.1396
-25.1396
-25.1387
-25.1364
-25.1355
-25.1352
-25.1356
-30.7432
-30.8299
-31.014
-31.3111
-31.7399
-32.2712
-32.6224
-31.5584
-26.4827
-25.3987
-25.2926
-24.0228
-24.0686
-24.331
-24.0356
-24.2087
-24.4064
-24.2866
-24.4107
-24.5919
-24.7224
-24.7307
-24.803
-24.8717
-24.8831
-24.9271
-24.9681
-24.9784
-25.006
-25.0352
-25.0544
-25.0518
-25.0625
-25.0739
-25.0763
-25.084
-25.0913
-25.0935
-25.0982
-25.1023
-25.1032
-25.1059
-25.1088
-25.1111
-25.112
-25.1134
-25.1147
-25.1153
-25.1162
-25.117
-25.1174
-25.118
-25.1186
-25.1191
-25.1193
-25.1198
-25.1202
-25.1203
-25.1206
-25.1198
-25.1164
-25.1157
-25.1155
-25.1161
-30.784
-30.8792
-31.084
-31.424
-31.9424
-32.6658
-33.3967
-32.665
-25.5707
-24.9203
-25.2957
-23.5151
-23.8054
-24.2846
-23.7992
-24.0837
-24.3773
-24.1468
-24.3169
-24.5441
-24.7024
-24.6755
-24.7649
-24.8496
-24.8443
-24.8976
-24.947
-24.9483
-24.9806
-25.0148
-25.0373
-25.0271
-25.0405
-25.0545
-25.0542
-25.0634
-25.0721
-25.0729
-25.0785
-25.0833
-25.0832
-25.0863
-25.0896
-25.0921
-25.0928
-25.0943
-25.0957
-25.0963
-25.0972
-25.0981
-25.0985
-25.0991
-25.0998
-25.1003
-25.1004
-25.101
-25.1015
-25.1016
-25.1022
-25.1016
-25.0968
-25.0965
-25.0965
-25.0969
-30.815
-30.9175
-31.1398
-31.5176
-32.1197
-33.0429
-34.2556
-34.2331
-24.1821
-24.3795
-25.4707
-22.8633
-23.5379
-24.317
-23.511
-23.9631
-24.391
-23.9806
-24.2221
-24.5035
-24.6977
-24.613
-24.7285
-24.8352
-24.802
-24.8694
-24.9303
-24.9167
-24.9556
-24.9958
-25.0232
-25.0011
-25.0189
-25.0367
-25.0318
-25.0434
-25.0539
-25.0524
-25.0592
-25.0651
-25.0634
-25.0671
-25.0709
-25.0738
-25.0739
-25.0757
-25.0773
-25.0776
-25.0787
-25.0796
-25.0799
-25.0806
-25.0813
-25.0819
-25.082
-25.0826
-25.0833
-25.0833
-25.0842
-25.0842
-25.0773
-25.0775
-25.0779
-25.0781
-30.837
-30.9454
-31.1815
-31.5905
-32.2654
-33.3827
-35.1689
-36.4674
-22.103
-23.7954
-25.9084
-21.999
-23.2736
-24.4636
-23.1428
-23.8488
-24.465
-23.7734
-24.1279
-24.4706
-24.7131
-24.538
-24.6938
-24.8312
-24.7537
-24.8423
-24.9192
-24.8822
-24.9312
-24.978
-25.0127
-24.9729
-24.9978
-25.0207
-25.0088
-25.0238
-25.0369
-25.0317
-25.0404
-25.0478
-25.0435
-25.0482
-25.0526
-25.0559
-25.0551
-25.0573
-25.0592
-25.0591
-25.0604
-25.0615
-25.0616
-25.0624
-25.0632
-25.0639
-25.0637
-25.0645
-25.0654
-25.0652
-25.0665
-25.0675
-25.0576
-25.0588
-25.0596
-25.0596
-30.8504
-30.9633
-31.2097
-31.6422
-32.3749
-33.6629
-36.077
-39.6538
-19.0384
-23.207
-26.7301
-20.8247
-23.0258
-24.7717
-22.6544
-23.745
-24.623
-23.5046
-24.0379
-24.4454
-24.7553
-24.4436
-24.6614
-24.8413
-24.696
-24.8167
-24.9157
-24.8428
-24.9075
-24.9613
-25.0073
-24.9411
-24.9772
-25.0074
-24.9844
-25.0047
-25.0214
-25.0105
-25.0219
-25.0315
-25.0235
-25.0297
-25.0347
-25.0386
-25.0366
-25.0393
-25.0416
-25.0409
-25.0425
-25.0438
-25.0436
-25.0445
-25.0454
-25.0462
-25.0457
-25.0467
-25.0478
-25.0473
-25.0491
-25.0518
-25.0377
-25.0402
-25.0416
-25.0414
-30.8561
-30.9722
-31.2252
-31.6731
-32.4455
-33.862
-36.8766
-44.1841
-14.5881
-22.6822
-28.0938
-19.2047
-22.8161
-25.3032
-21.9907
-23.6586
-24.8965
-23.1462
-23.9594
-24.4273
-24.8338
-24.3209
-24.6327
-24.8708
-24.6244
-24.7935
-24.9229
-24.7968
-24.8855
-24.9459
-25.009
-24.9043
-24.9579
-24.9978
-24.9584
-24.9866
-25.0082
-24.9888
-25.0044
-25.017
-25.0034
-25.0121
-25.0176
-25.0224
-25.0185
-25.0221
-25.0249
-25.0234
-25.0253
-25.0269
-25.0263
-25.0274
-25.0283
-25.0294
-25.0284
-25.0297
-25.0311
-25.03
-25.0325
-25.0377
-25.0177
-25.0225
-25.0245
-25.0243
-30.8551
-30.9727
-31.229
-31.6845
-32.4766
-33.9627
-37.4035
-50.5858
-8.21875
-22.3284
-30.2
-16.9545
-22.6779
-26.1366
-21.0766
-23.5997
-25.3255
-22.6596
-23.9034
-24.4134
-24.9604
-24.1571
-24.6091
-24.9261
-24.5325
-24.7733
-24.944
-24.7405
-24.8658
-24.9309
-25.0199
-24.8602
-24.94
-24.993
-24.9297
-24.9695
-24.9978
-24.966
-24.9877
-25.0045
-24.9828
-24.9953
-25.0011
-25.0072
-25.0007
-25.0056
-25.0091
-25.0062
-25.0088
-25.0107
-25.0095
-25.0109
-25.0119
-25.0133
-25.0116
-25.0132
-25.0152
-25.0132
-25.0162
-25.0255
-24.9971
-25.0054
-25.0081
-25.0081
)
;

boundaryField
{
    left
    {
        type            calculated;
        value           nonuniform List<scalar> 
32
(
-28.4492
-28.4669
-28.5007
-28.549
-28.6103
-28.6835
-28.7676
-28.8615
-28.964
-29.0742
-29.1907
-29.3123
-29.4375
-29.565
-29.693
-29.8201
-29.9446
-30.0649
-30.1798
-30.2877
-30.3876
-30.4786
-30.56
-30.6313
-30.6924
-30.7432
-30.784
-30.815
-30.837
-30.8504
-30.8561
-30.8551
)
;
    }
    right
    {
        type            calculated;
        value           nonuniform List<scalar> 
32
(
-25.579
-25.5753
-25.5684
-25.5585
-25.5462
-25.5318
-25.5157
-25.498
-25.4791
-25.4591
-25.4384
-25.4171
-25.3954
-25.3734
-25.3512
-25.329
-25.3068
-25.2846
-25.2624
-25.2405
-25.2188
-25.1973
-25.1763
-25.1557
-25.1356
-25.1161
-25.0969
-25.0781
-25.0596
-25.0414
-25.0243
-25.0081
)
;
    }
    interface
    {
        type            calculated;
        value           nonuniform List<scalar> 
64
(
-30.853
-30.9709
-31.2281
-31.6854
-32.4824
-33.9866
-37.5738
-54.3299
-4.47824
-22.2106
-31.4665
-15.6453
-22.6316
-26.6398
-20.5461
-23.5785
-25.5844
-22.3786
-23.8825
-24.4069
-25.0372
-24.063
-24.5988
-24.961
-24.4804
-24.764
-24.9584
-24.7093
-24.8566
-24.9232
-25.0278
-24.8358
-24.9314
-24.9918
-24.9143
-24.9611
-24.9932
-24.9541
-24.9794
-24.9986
-24.9722
-24.9869
-24.9929
-24.9998
-24.9917
-24.9974
-25.0012
-24.9977
-25.0006
-25.0027
-25.0011
-25.0027
-25.0037
-25.0053
-25.0032
-25.005
-25.0072
-25.0047
-25.0081
-25.0198
-24.9864
-24.997
-24.9999
-25
)
;
    }
    bottom
    {
        type            calculated;
        value           nonuniform List<scalar> 
64
(
-28.4446
-28.4202
-28.372
-28.3008
-28.2081
-28.096
-27.967
-27.8242
-27.671
-27.511
-27.348
-27.1853
-27.0261
-26.873
-26.7282
-26.5932
-26.4688
-26.3556
-26.2536
-26.1625
-26.0819
-26.011
-25.949
-25.8952
-25.8486
-25.8085
-25.774
-25.7445
-25.7193
-25.6979
-25.6796
-25.6642
-25.651
-25.6399
-25.6305
-25.6225
-25.6158
-25.6102
-25.6054
-25.6014
-25.598
-25.5951
-25.5927
-25.5907
-25.589
-25.5876
-25.5864
-25.5854
-25.5846
-25.5838
-25.5832
-25.5827
-25.5822
-25.5818
-25.5815
-25.5812
-25.5809
-25.5807
-25.5805
-25.5803
-25.5802
-25.5801
-25.58
-25.58
)
;
    }
    defaultFaces
    {
        type            empty;
    }
}


// ************************************************************************* //
